# Force and moment coefficients
# dragDir     : (8.660253e-01 5.000002e-01 0.000000e+00)
# sideDir     : (0.000000e+00 0.000000e+00 -1.000000e+00)
# liftDir     : (-5.000002e-01 8.660253e-01 0.000000e+00)
# rollAxis    : (8.660253e-01 5.000002e-01 0.000000e+00)
# pitchAxis   : (0.000000e+00 0.000000e+00 -1.000000e+00)
# yawAxis     : (-5.000002e-01 8.660253e-01 0.000000e+00)
# magUInf     : 7.000000e+00
# lRef        : 6.464070e-02
# Aref        : 7.433680e-03
# CofR        : (1.616020e-02 0.000000e+00 0.000000e+00)
#
# Time        	Cd            	Cd(f)         	Cd(r)         	Cl            	Cl(f)         	Cl(r)         	CmPitch       	CmRoll        	CmYaw         	Cs            	Cs(f)         	Cs(r)         
1             	2.233284e+00	-1.219523e+00	3.452807e+00	3.486974e+00	-4.807712e-01	3.967745e+00	-2.224258e+00	-2.336165e+00	1.355657e+00	-1.661774e-01	1.272569e+00	-1.438746e+00
2             	1.229036e+00	-8.096273e-01	2.038664e+00	2.049430e+00	5.841234e-02	1.991017e+00	-9.663025e-01	-1.424145e+00	7.830448e-01	-1.257876e-01	7.201510e-01	-8.459387e-01
3             	8.418161e-01	-7.164304e-01	1.558247e+00	1.585126e+00	2.524373e-01	1.332689e+00	-5.401257e-01	-1.137338e+00	5.593850e-01	-1.271714e-01	4.957993e-01	-6.229707e-01
4             	7.057832e-01	-7.232453e-01	1.429029e+00	1.487653e+00	3.008183e-01	1.186835e+00	-4.430082e-01	-1.076137e+00	4.734029e-01	-1.412902e-01	4.027578e-01	-5.440480e-01
5             	6.501642e-01	-7.504214e-01	1.400586e+00	1.483517e+00	3.136467e-01	1.169871e+00	-4.281120e-01	-1.075504e+00	4.355572e-01	-1.549681e-01	3.580731e-01	-5.130412e-01
6             	6.245317e-01	-7.774111e-01	1.401943e+00	1.503050e+00	3.191418e-01	1.183908e+00	-4.323833e-01	-1.089677e+00	4.183279e-01	-1.653924e-01	3.356317e-01	-5.010241e-01
7             	6.118364e-01	-7.963603e-01	1.408197e+00	1.519863e+00	3.213957e-01	1.198467e+00	-4.385356e-01	-1.102279e+00	4.119617e-01	-1.715775e-01	3.261729e-01	-4.977504e-01
8             	6.091512e-01	-8.091052e-01	1.418256e+00	1.534206e+00	3.220677e-01	1.212138e+00	-4.450352e-01	-1.113681e+00	4.142058e-01	-1.743462e-01	3.270327e-01	-5.013789e-01
9             	6.160929e-01	-8.178025e-01	1.433895e+00	1.550768e+00	3.223966e-01	1.228371e+00	-4.529874e-01	-1.125849e+00	4.239115e-01	-1.746207e-01	3.366011e-01	-5.112218e-01
10            	6.313974e-01	-8.242440e-01	1.455641e+00	1.570716e+00	3.231834e-01	1.247533e+00	-4.621748e-01	-1.139943e+00	4.401570e-01	-1.731370e-01	3.535885e-01	-5.267255e-01
11            	6.528049e-01	-8.291799e-01	1.481985e+00	1.593751e+00	3.244846e-01	1.269266e+00	-4.723907e-01	-1.155582e+00	4.611516e-01	-1.704818e-01	3.759107e-01	-5.463924e-01
12            	6.780322e-01	-8.316259e-01	1.509658e+00	1.618385e+00	3.261701e-01	1.292215e+00	-4.830226e-01	-1.170642e+00	4.844227e-01	-1.671302e-01	4.008576e-01	-5.679878e-01
13            	7.039212e-01	-8.298793e-01	1.533801e+00	1.641363e+00	3.280924e-01	1.313270e+00	-4.925889e-01	-1.181840e+00	5.067711e-01	-1.633212e-01	4.251105e-01	-5.884317e-01
14            	7.280784e-01	-8.228594e-01	1.550938e+00	1.660251e+00	3.300200e-01	1.330231e+00	-5.001053e-01	-1.186899e+00	5.256928e-01	-1.593184e-01	4.460336e-01	-6.053520e-01
15            	7.491661e-01	-8.095897e-01	1.558756e+00	1.672626e+00	3.309519e-01	1.341674e+00	-5.053613e-01	-1.184173e+00	5.399732e-01	-1.551568e-01	4.623948e-01	-6.175516e-01
16            	7.668114e-01	-7.892630e-01	1.556074e+00	1.677351e+00	3.302643e-01	1.347086e+00	-5.084110e-01	-1.172669e+00	5.490369e-01	-1.507939e-01	4.736399e-01	-6.244338e-01
17            	7.790448e-01	-7.610992e-01	1.540144e+00	1.671195e+00	3.272090e-01	1.343986e+00	-5.083885e-01	-1.150622e+00	5.517605e-01	-1.458565e-01	4.788323e-01	-6.246887e-01
18            	7.851850e-01	-7.218345e-01	1.507020e+00	1.651163e+00	3.205745e-01	1.330589e+00	-5.050072e-01	-1.114427e+00	5.473179e-01	-1.398363e-01	4.773997e-01	-6.172360e-01
19            	7.856724e-01	-6.758942e-01	1.461567e+00	1.617781e+00	3.085582e-01	1.309223e+00	-5.003322e-01	-1.068730e+00	5.385433e-01	-1.326597e-01	4.722134e-01	-6.048731e-01
20            	7.829080e-01	-6.248845e-01	1.407792e+00	1.573148e+00	2.887337e-01	1.284414e+00	-4.978401e-01	-1.016338e+00	5.268144e-01	-1.248644e-01	4.643822e-01	-5.892466e-01
21            	7.778537e-01	-5.786610e-01	1.356515e+00	1.525191e+00	2.655558e-01	1.259635e+00	-4.970398e-01	-9.675879e-01	5.143662e-01	-1.179254e-01	4.554035e-01	-5.733289e-01
22            	7.679352e-01	-5.355245e-01	1.303460e+00	1.470234e+00	2.395630e-01	1.230671e+00	-4.955541e-01	-9.194921e-01	4.994004e-01	-1.114351e-01	4.436829e-01	-5.551179e-01
23            	7.527196e-01	-4.943139e-01	1.247034e+00	1.407021e+00	2.102995e-01	1.196722e+00	-4.932112e-01	-8.706737e-01	4.814250e-01	-1.054487e-01	4.287007e-01	-5.341494e-01
24            	7.340273e-01	-4.555315e-01	1.189559e+00	1.337800e+00	1.779711e-01	1.159829e+00	-4.909289e-01	-8.225452e-01	4.614513e-01	-1.001801e-01	4.113613e-01	-5.115414e-01
25            	7.133365e-01	-4.214617e-01	1.134798e+00	1.266820e+00	1.442007e-01	1.122619e+00	-4.892093e-01	-7.781299e-01	4.407366e-01	-9.603336e-02	3.927199e-01	-4.887533e-01
26            	6.917125e-01	-3.932419e-01	1.084954e+00	1.197846e+00	1.111496e-01	1.086696e+00	-4.877733e-01	-7.390982e-01	4.202275e-01	-9.315036e-02	3.736523e-01	-4.668027e-01
27            	6.679019e-01	-3.708991e-01	1.038801e+00	1.130971e+00	8.150573e-02	1.049466e+00	-4.839800e-01	-7.048501e-01	4.000698e-01	-9.097182e-02	3.545839e-01	-4.455557e-01
28            	6.408897e-01	-3.547591e-01	9.956489e-01	1.065296e+00	5.656596e-02	1.008730e+00	-4.760822e-01	-6.752040e-01	3.808990e-01	-8.888946e-02	3.364543e-01	-4.253437e-01
29            	6.143837e-01	-3.450562e-01	9.594399e-01	1.007469e+00	3.784962e-02	9.696190e-01	-4.658847e-01	-6.522481e-01	3.646775e-01	-8.698930e-02	3.211828e-01	-4.081721e-01
30            	5.919883e-01	-3.394287e-01	9.314169e-01	9.608671e-01	2.349675e-02	9.373703e-01	-4.569368e-01	-6.354228e-01	3.515385e-01	-8.559257e-02	3.087422e-01	-3.943348e-01
31            	5.701856e-01	-3.375359e-01	9.077214e-01	9.193086e-01	1.270727e-02	9.066013e-01	-4.469470e-01	-6.226286e-01	3.409276e-01	-8.384250e-02	2.990063e-01	-3.828488e-01
32            	5.487725e-01	-3.378355e-01	8.866081e-01	8.815619e-01	5.205462e-03	8.763564e-01	-4.355755e-01	-6.122218e-01	3.324757e-01	-8.151837e-02	2.917165e-01	-3.732349e-01
33            	5.277512e-01	-3.393163e-01	8.670676e-01	8.472877e-01	1.092824e-03	8.461948e-01	-4.225510e-01	-6.031919e-01	3.257774e-01	-7.865167e-02	2.864516e-01	-3.651032e-01
34            	5.090703e-01	-3.410052e-01	8.500754e-01	8.188486e-01	-5.842441e-04	8.194328e-01	-4.100085e-01	-5.955403e-01	3.206429e-01	-7.570107e-02	2.827924e-01	-3.584934e-01
35            	4.936285e-01	-3.418587e-01	8.354872e-01	7.971962e-01	-3.976489e-04	7.975939e-01	-3.989958e-01	-5.886729e-01	3.165228e-01	-7.297987e-02	2.800328e-01	-3.530127e-01
36            	4.793769e-01	-3.410951e-01	8.204720e-01	7.791421e-01	1.993463e-03	7.771486e-01	-3.875776e-01	-5.807835e-01	3.121247e-01	-7.037114e-02	2.769392e-01	-3.473103e-01
37            	4.650913e-01	-3.385246e-01	8.036159e-01	7.624520e-01	6.205208e-03	7.562468e-01	-3.750208e-01	-5.710702e-01	3.066421e-01	-6.789521e-02	2.726945e-01	-3.405897e-01
38            	4.515784e-01	-3.349044e-01	7.864828e-01	7.483662e-01	1.219284e-02	7.361733e-01	-3.619902e-01	-5.606936e-01	3.004721e-01	-6.577369e-02	2.675853e-01	-3.333590e-01
39            	4.395160e-01	-3.309343e-01	7.704503e-01	7.380415e-01	1.985814e-02	7.181834e-01	-3.491626e-01	-5.506923e-01	2.938889e-01	-6.422181e-02	2.617780e-01	-3.259998e-01
40            	4.284997e-01	-3.271151e-01	7.556148e-01	7.307368e-01	2.900693e-02	7.017298e-01	-3.363615e-01	-5.413650e-01	2.869250e-01	-6.315513e-02	2.553474e-01	-3.185026e-01
41            	4.197760e-01	-3.245021e-01	7.442781e-01	7.277029e-01	3.862523e-02	6.890776e-01	-3.252262e-01	-5.343901e-01	2.805403e-01	-6.274420e-02	2.491682e-01	-3.119124e-01
42            	4.146190e-01	-3.238477e-01	7.384667e-01	7.304137e-01	4.815400e-02	6.822597e-01	-3.170529e-01	-5.311572e-01	2.755937e-01	-6.315516e-02	2.440161e-01	-3.071712e-01
43            	4.122326e-01	-3.249724e-01	7.372050e-01	7.370646e-01	5.727101e-02	6.797936e-01	-3.112613e-01	-5.310887e-01	2.721129e-01	-6.409053e-02	2.400677e-01	-3.041582e-01
44            	4.128236e-01	-3.276636e-01	7.404872e-01	7.473728e-01	6.564424e-02	6.817286e-01	-3.080422e-01	-5.340754e-01	2.704361e-01	-6.542620e-02	2.377230e-01	-3.031492e-01
45            	4.154939e-01	-3.310157e-01	7.465096e-01	7.596264e-01	7.323962e-02	6.863868e-01	-3.065736e-01	-5.387627e-01	2.701457e-01	-6.689054e-02	2.367005e-01	-3.035910e-01
46            	4.196139e-01	-3.340940e-01	7.537079e-01	7.726547e-01	8.005434e-02	6.926004e-01	-3.062730e-01	-5.439009e-01	2.708208e-01	-6.824169e-02	2.367000e-01	-3.049416e-01
47            	4.252670e-01	-3.363972e-01	7.616642e-01	7.867023e-01	8.620473e-02	7.004976e-01	-3.071464e-01	-5.490307e-01	2.723352e-01	-6.939502e-02	2.376377e-01	-3.070327e-01
48            	4.322272e-01	-3.379230e-01	7.701502e-01	8.017374e-01	9.186707e-02	7.098703e-01	-3.090016e-01	-5.540366e-01	2.746288e-01	-7.029702e-02	2.394803e-01	-3.097773e-01
49            	4.408868e-01	-3.388146e-01	7.797014e-01	8.187195e-01	9.692396e-02	7.217956e-01	-3.124358e-01	-5.592580e-01	2.777569e-01	-7.103713e-02	2.422384e-01	-3.132755e-01
50            	4.510861e-01	-3.392898e-01	7.903759e-01	8.377299e-01	1.011640e-01	7.365659e-01	-3.177010e-01	-5.648328e-01	2.814772e-01	-7.178792e-02	2.455833e-01	-3.173712e-01
51            	4.619128e-01	-3.391961e-01	8.011089e-01	8.577389e-01	1.045200e-01	7.532189e-01	-3.243494e-01	-5.701525e-01	2.851054e-01	-7.258056e-02	2.488151e-01	-3.213956e-01
52            	4.730679e-01	-3.386278e-01	8.116957e-01	8.782626e-01	1.066320e-01	7.716307e-01	-3.324994e-01	-5.751618e-01	2.883640e-01	-7.355287e-02	2.515876e-01	-3.251405e-01
53            	4.835825e-01	-3.373219e-01	8.209044e-01	8.977109e-01	1.073021e-01	7.904089e-01	-3.415534e-01	-5.791132e-01	2.905747e-01	-7.471846e-02	2.532154e-01	-3.279339e-01
54            	4.929241e-01	-3.354927e-01	8.284168e-01	9.148253e-01	1.061784e-01	8.086469e-01	-3.512342e-01	-5.819548e-01	2.916230e-01	-7.606790e-02	2.535890e-01	-3.296569e-01
55            	4.999496e-01	-3.330870e-01	8.330366e-01	9.275391e-01	1.034190e-01	8.241201e-01	-3.603506e-01	-5.830618e-01	2.911978e-01	-7.741132e-02	2.524922e-01	-3.299035e-01
56            	5.040575e-01	-3.303142e-01	8.343717e-01	9.342680e-01	9.878722e-02	8.354808e-01	-3.683468e-01	-5.823430e-01	2.894566e-01	-7.855341e-02	2.501799e-01	-3.287333e-01
57            	5.045212e-01	-3.275578e-01	8.320790e-01	9.331799e-01	9.219095e-02	8.409889e-01	-3.743990e-01	-5.798184e-01	2.867625e-01	-7.924756e-02	2.471387e-01	-3.263863e-01
58            	5.012234e-01	-3.259852e-01	8.272086e-01	9.238138e-01	8.425512e-02	8.395587e-01	-3.776518e-01	-5.765969e-01	2.841979e-01	-7.931775e-02	2.445391e-01	-3.238568e-01
59            	4.953390e-01	-3.262133e-01	8.215523e-01	9.076502e-01	7.505648e-02	8.325937e-01	-3.787686e-01	-5.738828e-01	2.825714e-01	-7.891754e-02	2.431127e-01	-3.220302e-01
60            	4.873697e-01	-3.276680e-01	8.150377e-01	8.866455e-01	6.671029e-02	8.199352e-01	-3.766125e-01	-5.713528e-01	2.817289e-01	-7.805112e-02	2.427034e-01	-3.207545e-01
61            	4.785304e-01	-3.297672e-01	8.082977e-01	8.637986e-01	6.025349e-02	8.035451e-01	-3.716458e-01	-5.690325e-01	2.816147e-01	-7.683313e-02	2.431982e-01	-3.200313e-01
62            	4.699644e-01	-3.319088e-01	8.018732e-01	8.423040e-01	5.644685e-02	7.858571e-01	-3.647051e-01	-5.668910e-01	2.820383e-01	-7.536885e-02	2.443539e-01	-3.197228e-01
63            	4.620177e-01	-3.340853e-01	7.961030e-01	8.233868e-01	5.496868e-02	7.684181e-01	-3.567247e-01	-5.650942e-01	2.829315e-01	-7.371050e-02	2.460763e-01	-3.197868e-01
64            	4.557437e-01	-3.358431e-01	7.915867e-01	8.091643e-01	5.524360e-02	7.539207e-01	-3.493385e-01	-5.637149e-01	2.840515e-01	-7.209800e-02	2.480025e-01	-3.201005e-01
65            	4.503322e-01	-3.369470e-01	7.872792e-01	7.984653e-01	5.678001e-02	7.416853e-01	-3.424526e-01	-5.621131e-01	2.848993e-01	-7.048643e-02	2.496561e-01	-3.201425e-01
66            	4.461896e-01	-3.372612e-01	7.834508e-01	7.914004e-01	5.851108e-02	7.328893e-01	-3.371891e-01	-5.603560e-01	2.852957e-01	-6.910874e-02	2.507414e-01	-3.198501e-01
67            	4.428705e-01	-3.367877e-01	7.796582e-01	7.869346e-01	6.010680e-02	7.268277e-01	-3.333605e-01	-5.582230e-01	2.850334e-01	-6.799453e-02	2.510362e-01	-3.190307e-01
68            	4.396104e-01	-3.354731e-01	7.750834e-01	7.834722e-01	6.163113e-02	7.218410e-01	-3.301050e-01	-5.552783e-01	2.839102e-01	-6.704837e-02	2.503860e-01	-3.174343e-01
69            	4.364236e-01	-3.335605e-01	7.699840e-01	7.805077e-01	6.288705e-02	7.176206e-01	-3.273668e-01	-5.517723e-01	2.821081e-01	-6.628792e-02	2.489641e-01	-3.152520e-01
70            	4.334659e-01	-3.315850e-01	7.650509e-01	7.779462e-01	6.402599e-02	7.139202e-01	-3.249471e-01	-5.483179e-01	2.801315e-01	-6.568171e-02	2.472907e-01	-3.129724e-01
71            	4.309837e-01	-3.298630e-01	7.608467e-01	7.759825e-01	6.521944e-02	7.107631e-01	-3.227718e-01	-5.453549e-01	2.783634e-01	-6.518121e-02	2.457728e-01	-3.109540e-01
72            	4.289356e-01	-3.284826e-01	7.574182e-01	7.744040e-01	6.651110e-02	7.078929e-01	-3.206909e-01	-5.429504e-01	2.769305e-01	-6.473689e-02	2.445620e-01	-3.092989e-01
73            	4.275740e-01	-3.274324e-01	7.550064e-01	7.734582e-01	6.776538e-02	7.056929e-01	-3.189637e-01	-5.412194e-01	2.759522e-01	-6.436491e-02	2.437697e-01	-3.081347e-01
74            	4.272743e-01	-3.265983e-01	7.538726e-01	7.736312e-01	6.872391e-02	7.049073e-01	-3.180917e-01	-5.402354e-01	2.754733e-01	-6.412507e-02	2.434107e-01	-3.075358e-01
75            	4.281591e-01	-3.258879e-01	7.540470e-01	7.751874e-01	6.932210e-02	7.058653e-01	-3.182716e-01	-5.399674e-01	2.754373e-01	-6.406538e-02	2.434046e-01	-3.074700e-01
76            	4.296889e-01	-3.250201e-01	7.547089e-01	7.774268e-01	6.965157e-02	7.077752e-01	-3.190618e-01	-5.398645e-01	2.754771e-01	-6.413698e-02	2.434086e-01	-3.075456e-01
77            	4.314440e-01	-3.237460e-01	7.551900e-01	7.798276e-01	6.975611e-02	7.100715e-01	-3.201577e-01	-5.394680e-01	2.752521e-01	-6.432152e-02	2.430914e-01	-3.074129e-01
78            	4.330246e-01	-3.219781e-01	7.550027e-01	7.818390e-01	6.965585e-02	7.121831e-01	-3.212636e-01	-5.384904e-01	2.745589e-01	-6.458038e-02	2.422687e-01	-3.068491e-01
79            	4.341080e-01	-3.198551e-01	7.539631e-01	7.830545e-01	6.948979e-02	7.135647e-01	-3.220375e-01	-5.369091e-01	2.733880e-01	-6.486083e-02	2.409576e-01	-3.058184e-01
80            	4.345005e-01	-3.175147e-01	7.520152e-01	7.832211e-01	6.930852e-02	7.139126e-01	-3.223020e-01	-5.347650e-01	2.717675e-01	-6.511528e-02	2.392098e-01	-3.043251e-01
81            	4.341202e-01	-3.152182e-01	7.493384e-01	7.822169e-01	6.915816e-02	7.130588e-01	-3.219503e-01	-5.322783e-01	2.698818e-01	-6.528999e-02	2.372368e-01	-3.025268e-01
82            	4.330912e-01	-3.132242e-01	7.463154e-01	7.801832e-01	6.900793e-02	7.111753e-01	-3.210837e-01	-5.297698e-01	2.679892e-01	-6.535786e-02	2.353103e-01	-3.006681e-01
83            	4.315465e-01	-3.117512e-01	7.432977e-01	7.772874e-01	6.884518e-02	7.084422e-01	-3.197985e-01	-5.275244e-01	2.663307e-01	-6.529801e-02	2.336817e-01	-2.989797e-01
84            	4.296324e-01	-3.109048e-01	7.405371e-01	7.737447e-01	6.868920e-02	7.050555e-01	-3.181831e-01	-5.257210e-01	2.650815e-01	-6.510078e-02	2.325311e-01	-2.976318e-01
85            	4.274701e-01	-3.107089e-01	7.381790e-01	7.697268e-01	6.853261e-02	7.011941e-01	-3.163308e-01	-5.244439e-01	2.643485e-01	-6.476623e-02	2.319654e-01	-2.967316e-01
86            	4.251729e-01	-3.111174e-01	7.362903e-01	7.654201e-01	6.838876e-02	6.970313e-01	-3.143213e-01	-5.237039e-01	2.641561e-01	-6.431767e-02	2.319973e-01	-2.963150e-01
87            	4.231155e-01	-3.117901e-01	7.349056e-01	7.615431e-01	6.832214e-02	6.932209e-01	-3.124494e-01	-5.233478e-01	2.643471e-01	-6.384985e-02	2.324222e-01	-2.962720e-01
88            	4.211563e-01	-3.126837e-01	7.338399e-01	7.578982e-01	6.835352e-02	6.895446e-01	-3.105956e-01	-5.232618e-01	2.647980e-01	-6.337253e-02	2.331117e-01	-2.964843e-01
89            	4.196685e-01	-3.134064e-01	7.330749e-01	7.551661e-01	6.844587e-02	6.867202e-01	-3.091372e-01	-5.232407e-01	2.652623e-01	-6.297854e-02	2.337730e-01	-2.967515e-01
90            	4.185908e-01	-3.141126e-01	7.327035e-01	7.532588e-01	6.858387e-02	6.846749e-01	-3.080455e-01	-5.234081e-01	2.657735e-01	-6.267543e-02	2.344357e-01	-2.971112e-01
91            	4.180542e-01	-3.147076e-01	7.327617e-01	7.523819e-01	6.869784e-02	6.836841e-01	-3.074931e-01	-5.237346e-01	2.662597e-01	-6.249138e-02	2.350140e-01	-2.975054e-01
92            	4.180900e-01	-3.151965e-01	7.332865e-01	7.525944e-01	6.878601e-02	6.838084e-01	-3.075112e-01	-5.242415e-01	2.667116e-01	-6.243236e-02	2.354955e-01	-2.979278e-01
93            	4.186845e-01	-3.155365e-01	7.342210e-01	7.537903e-01	6.875226e-02	6.850380e-01	-3.081429e-01	-5.248788e-01	2.670843e-01	-6.249182e-02	2.358384e-01	-2.983303e-01
94            	4.197092e-01	-3.158119e-01	7.355211e-01	7.557143e-01	6.861660e-02	6.870977e-01	-3.092405e-01	-5.256665e-01	2.674425e-01	-6.263501e-02	2.361250e-01	-2.987600e-01
95            	4.210464e-01	-3.160520e-01	7.370984e-01	7.581215e-01	6.838664e-02	6.897348e-01	-3.106741e-01	-5.265752e-01	2.678185e-01	-6.283070e-02	2.364032e-01	-2.992339e-01
96            	4.225789e-01	-3.162412e-01	7.388201e-01	7.607580e-01	6.807131e-02	6.926867e-01	-3.123077e-01	-5.275307e-01	2.682015e-01	-6.305991e-02	2.366716e-01	-2.997315e-01
97            	4.241546e-01	-3.163411e-01	7.404957e-01	7.633514e-01	6.771582e-02	6.956356e-01	-3.139599e-01	-5.284184e-01	2.685520e-01	-6.330055e-02	2.369017e-01	-3.002023e-01
98            	4.255279e-01	-3.163082e-01	7.418361e-01	7.654984e-01	6.739003e-02	6.981084e-01	-3.153592e-01	-5.290722e-01	2.688001e-01	-6.351878e-02	2.370407e-01	-3.005595e-01
99            	4.267700e-01	-3.161124e-01	7.428824e-01	7.673135e-01	6.705975e-02	7.002537e-01	-3.165970e-01	-5.294974e-01	2.689262e-01	-6.373004e-02	2.370611e-01	-3.007912e-01
100           	4.276382e-01	-3.157350e-01	7.433731e-01	7.684403e-01	6.680035e-02	7.016399e-01	-3.174198e-01	-5.295541e-01	2.688452e-01	-6.390788e-02	2.368913e-01	-3.007992e-01
101           	4.280729e-01	-3.152195e-01	7.432925e-01	7.688192e-01	6.664147e-02	7.021777e-01	-3.177681e-01	-5.292560e-01	2.685569e-01	-6.404384e-02	2.365350e-01	-3.005788e-01
102           	4.281067e-01	-3.146305e-01	7.427372e-01	7.685333e-01	6.657467e-02	7.019586e-01	-3.176920e-01	-5.286839e-01	2.681032e-01	-6.413844e-02	2.360340e-01	-3.001724e-01
103           	4.277941e-01	-3.140467e-01	7.418408e-01	7.676947e-01	6.660873e-02	7.010860e-01	-3.172386e-01	-5.279437e-01	2.675417e-01	-6.419665e-02	2.354433e-01	-2.996400e-01
104           	4.272107e-01	-3.135460e-01	7.407567e-01	7.664414e-01	6.672905e-02	6.997124e-01	-3.164917e-01	-5.271513e-01	2.669521e-01	-6.421581e-02	2.348442e-01	-2.990600e-01
105           	4.264222e-01	-3.131729e-01	7.395951e-01	7.648964e-01	6.693040e-02	6.979660e-01	-3.155178e-01	-5.263840e-01	2.663976e-01	-6.419335e-02	2.343009e-01	-2.984943e-01
106           	4.255246e-01	-3.129543e-01	7.384789e-01	7.632284e-01	6.718689e-02	6.960415e-01	-3.144273e-01	-5.257166e-01	2.659391e-01	-6.413097e-02	2.338736e-01	-2.980046e-01
107           	4.245689e-01	-3.128696e-01	7.374386e-01	7.615136e-01	6.748222e-02	6.940314e-01	-3.132746e-01	-5.251541e-01	2.655965e-01	-6.402973e-02	2.335816e-01	-2.976113e-01
108           	4.236062e-01	-3.128788e-01	7.364849e-01	7.598408e-01	6.780648e-02	6.920344e-01	-3.121139e-01	-5.246819e-01	2.653718e-01	-6.389078e-02	2.334264e-01	-2.973172e-01
109           	4.226785e-01	-3.129389e-01	7.356174e-01	7.582844e-01	6.814598e-02	6.901384e-01	-3.109962e-01	-5.242781e-01	2.652514e-01	-6.371910e-02	2.333919e-01	-2.971110e-01
110           	4.218546e-01	-3.130145e-01	7.348691e-01	7.569445e-01	6.845737e-02	6.884871e-01	-3.100149e-01	-5.239418e-01	2.652216e-01	-6.352932e-02	2.334570e-01	-2.969863e-01
111           	4.211776e-01	-3.130894e-01	7.342670e-01	7.558889e-01	6.872138e-02	6.871675e-01	-3.092231e-01	-5.236782e-01	2.652683e-01	-6.333639e-02	2.336001e-01	-2.969365e-01
112           	4.206936e-01	-3.131591e-01	7.338527e-01	7.551968e-01	6.891696e-02	6.862799e-01	-3.086814e-01	-5.235059e-01	2.653802e-01	-6.315429e-02	2.338031e-01	-2.969574e-01
113           	4.204357e-01	-3.132309e-01	7.336665e-01	7.549155e-01	6.903259e-02	6.858829e-01	-3.084251e-01	-5.234487e-01	2.655524e-01	-6.299893e-02	2.340530e-01	-2.970519e-01
114           	4.204382e-01	-3.133104e-01	7.337486e-01	7.550860e-01	6.905960e-02	6.860264e-01	-3.084834e-01	-5.235295e-01	2.657785e-01	-6.288704e-02	2.343350e-01	-2.972220e-01
115           	4.207258e-01	-3.133987e-01	7.341245e-01	7.557246e-01	6.897047e-02	6.867542e-01	-3.088919e-01	-5.237616e-01	2.660401e-01	-6.283608e-02	2.346220e-01	-2.974581e-01
116           	4.212258e-01	-3.135000e-01	7.347258e-01	7.567170e-01	6.880917e-02	6.879078e-01	-3.095493e-01	-5.241129e-01	2.663144e-01	-6.284240e-02	2.348932e-01	-2.977356e-01
117           	4.219095e-01	-3.136134e-01	7.355229e-01	7.579961e-01	6.857356e-02	6.894225e-01	-3.104245e-01	-5.245682e-01	2.665832e-01	-6.290828e-02	2.351290e-01	-2.980373e-01
118           	4.227696e-01	-3.137464e-01	7.365161e-01	7.595470e-01	6.828005e-02	6.912670e-01	-3.114935e-01	-5.251312e-01	2.668465e-01	-6.303288e-02	2.353300e-01	-2.983629e-01
119           	4.236247e-01	-3.138835e-01	7.375083e-01	7.610599e-01	6.799422e-02	6.930656e-01	-3.125357e-01	-5.256959e-01	2.670511e-01	-6.319520e-02	2.354535e-01	-2.986487e-01
120           	4.244509e-01	-3.140194e-01	7.384704e-01	7.624905e-01	6.772596e-02	6.947645e-01	-3.135193e-01	-5.262449e-01	2.672005e-01	-6.338364e-02	2.355087e-01	-2.988923e-01
121           	4.251934e-01	-3.141492e-01	7.393425e-01	7.637537e-01	6.750734e-02	6.962463e-01	-3.143695e-01	-5.267458e-01	2.672919e-01	-6.358211e-02	2.355008e-01	-2.990829e-01
122           	4.257396e-01	-3.142564e-01	7.399961e-01	7.646729e-01	6.738470e-02	6.972882e-01	-3.149517e-01	-5.271262e-01	2.673044e-01	-6.376663e-02	2.354211e-01	-2.991878e-01
123           	4.261624e-01	-3.143375e-01	7.404999e-01	7.653679e-01	6.733118e-02	6.980367e-01	-3.153528e-01	-5.274187e-01	2.672572e-01	-6.394274e-02	2.352858e-01	-2.992286e-01
124           	4.263790e-01	-3.143822e-01	7.407612e-01	7.657144e-01	6.737904e-02	6.983354e-01	-3.154782e-01	-5.275717e-01	2.671406e-01	-6.409168e-02	2.350948e-01	-2.991865e-01
125           	4.263931e-01	-3.143887e-01	7.407818e-01	7.657235e-01	6.752626e-02	6.981972e-01	-3.153355e-01	-5.275852e-01	2.669658e-01	-6.420813e-02	2.348617e-01	-2.990698e-01
126           	4.262153e-01	-3.143581e-01	7.405733e-01	7.654256e-01	6.777211e-02	6.976534e-01	-3.149407e-01	-5.274657e-01	2.667477e-01	-6.428510e-02	2.346052e-01	-2.988903e-01
127           	4.258678e-01	-3.142887e-01	7.401565e-01	7.648663e-01	6.810184e-02	6.967644e-01	-3.143313e-01	-5.272226e-01	2.664978e-01	-6.431993e-02	2.343378e-01	-2.986578e-01
128           	4.253924e-01	-3.141829e-01	7.395753e-01	7.641199e-01	6.848731e-02	6.956326e-01	-3.135726e-01	-5.268791e-01	2.662310e-01	-6.431456e-02	2.340738e-01	-2.983883e-01
129           	4.248187e-01	-3.140467e-01	7.388655e-01	7.632436e-01	6.890795e-02	6.943356e-01	-3.127138e-01	-5.264561e-01	2.659619e-01	-6.427059e-02	2.338266e-01	-2.980972e-01
130           	4.241375e-01	-3.138714e-01	7.380089e-01	7.622241e-01	6.934986e-02	6.928742e-01	-3.117622e-01	-5.259402e-01	2.656825e-01	-6.418665e-02	2.335892e-01	-2.977758e-01
131           	4.234675e-01	-3.136960e-01	7.371635e-01	7.612572e-01	6.975640e-02	6.915008e-01	-3.108722e-01	-5.254297e-01	2.654490e-01	-6.407372e-02	2.334121e-01	-2.974859e-01
132           	4.228382e-01	-3.135239e-01	7.363621e-01	7.603882e-01	7.010135e-02	6.902868e-01	-3.100927e-01	-5.249430e-01	2.652624e-01	-6.394108e-02	2.332918e-01	-2.972329e-01
133           	4.222766e-01	-3.133729e-01	7.356495e-01	7.596626e-01	7.037599e-02	6.892866e-01	-3.094553e-01	-5.245112e-01	2.651349e-01	-6.379661e-02	2.332366e-01	-2.970332e-01
134           	4.218796e-01	-3.132714e-01	7.351510e-01	7.592215e-01	7.053719e-02	6.886843e-01	-3.090736e-01	-5.242112e-01	2.650925e-01	-6.366346e-02	2.332608e-01	-2.969242e-01
135           	4.215485e-01	-3.132074e-01	7.347559e-01	7.589306e-01	7.063687e-02	6.882937e-01	-3.088284e-01	-5.239816e-01	2.651040e-01	-6.352698e-02	2.333405e-01	-2.968675e-01
136           	4.213871e-01	-3.132059e-01	7.345930e-01	7.589251e-01	7.062687e-02	6.882983e-01	-3.088357e-01	-5.238994e-01	2.651917e-01	-6.341272e-02	2.334854e-01	-2.968981e-01
137           	4.214059e-01	-3.132707e-01	7.346767e-01	7.592058e-01	7.051359e-02	6.886922e-01	-3.090893e-01	-5.239737e-01	2.653446e-01	-6.333370e-02	2.336778e-01	-2.970115e-01
138           	4.215896e-01	-3.134049e-01	7.349945e-01	7.597476e-01	7.032427e-02	6.894234e-01	-3.095495e-01	-5.241997e-01	2.655526e-01	-6.329381e-02	2.339057e-01	-2.971995e-01
139           	4.219120e-01	-3.136022e-01	7.355142e-01	7.605003e-01	7.008594e-02	6.904143e-01	-3.101642e-01	-5.245582e-01	2.657941e-01	-6.329735e-02	2.341454e-01	-2.974428e-01
140           	4.223868e-01	-3.138699e-01	7.362566e-01	7.614881e-01	6.980742e-02	6.916807e-01	-3.109366e-01	-5.250632e-01	2.660738e-01	-6.334634e-02	2.344006e-01	-2.977470e-01
141           	4.229239e-01	-3.141625e-01	7.370864e-01	7.625451e-01	6.953130e-02	6.930138e-01	-3.117413e-01	-5.256244e-01	2.663307e-01	-6.343869e-02	2.346113e-01	-2.980500e-01
142           	4.235055e-01	-3.144769e-01	7.379824e-01	7.636498e-01	6.927560e-02	6.943742e-01	-3.125493e-01	-5.262296e-01	2.665677e-01	-6.356433e-02	2.347856e-01	-2.983499e-01
143           	4.240881e-01	-3.147931e-01	7.388812e-01	7.647308e-01	6.906871e-02	6.956621e-01	-3.132967e-01	-5.268371e-01	2.667687e-01	-6.371435e-02	2.349115e-01	-2.986259e-01
144           	4.246141e-01	-3.150870e-01	7.397011e-01	7.657002e-01	6.894007e-02	6.967601e-01	-3.139100e-01	-5.273940e-01	2.669156e-01	-6.387495e-02	2.349781e-01	-2.988531e-01
145           	4.250043e-01	-3.153200e-01	7.403243e-01	7.664321e-01	6.891207e-02	6.975201e-01	-3.143040e-01	-5.278221e-01	2.669821e-01	-6.402515e-02	2.349695e-01	-2.989947e-01
146           	4.253276e-01	-3.155037e-01	7.408314e-01	7.670306e-01	6.895384e-02	6.980768e-01	-3.145615e-01	-5.281675e-01	2.669937e-01	-6.417402e-02	2.349066e-01	-2.990807e-01
147           	4.255006e-01	-3.156047e-01	7.411053e-01	7.673711e-01	6.908956e-02	6.982815e-01	-3.145960e-01	-5.283550e-01	2.669262e-01	-6.430060e-02	2.347759e-01	-2.990765e-01
148           	4.255089e-01	-3.156218e-01	7.411307e-01	7.674387e-01	6.931921e-02	6.981195e-01	-3.144001e-01	-5.283762e-01	2.667887e-01	-6.439512e-02	2.345911e-01	-2.989863e-01
149           	4.253624e-01	-3.155595e-01	7.409219e-01	7.672541e-01	6.962694e-02	6.976272e-01	-3.140001e-01	-5.282407e-01	2.665952e-01	-6.445246e-02	2.343690e-01	-2.988214e-01
150           	4.250766e-01	-3.154255e-01	7.405021e-01	7.668480e-01	6.998964e-02	6.968584e-01	-3.134344e-01	-5.279638e-01	2.663603e-01	-6.446930e-02	2.341257e-01	-2.985950e-01
151           	4.246499e-01	-3.152160e-01	7.398659e-01	7.662178e-01	7.038749e-02	6.958304e-01	-3.127214e-01	-5.275409e-01	2.660833e-01	-6.444416e-02	2.338612e-01	-2.983053e-01
152           	4.241489e-01	-3.149754e-01	7.391242e-01	7.654791e-01	7.078383e-02	6.946952e-01	-3.119557e-01	-5.270498e-01	2.658154e-01	-6.437952e-02	2.336257e-01	-2.980052e-01
153           	4.235851e-01	-3.147054e-01	7.382905e-01	7.646468e-01	7.115737e-02	6.934894e-01	-3.111660e-01	-5.264980e-01	2.655516e-01	-6.428217e-02	2.334105e-01	-2.976927e-01
154           	4.230212e-01	-3.144335e-01	7.374547e-01	7.638218e-01	7.146909e-02	6.923527e-01	-3.104418e-01	-5.259441e-01	2.653202e-01	-6.416078e-02	2.332399e-01	-2.974006e-01
155           	4.224914e-01	-3.141878e-01	7.366791e-01	7.630671e-01	7.171103e-02	6.913561e-01	-3.098225e-01	-5.254334e-01	2.651453e-01	-6.402146e-02	2.331346e-01	-2.971560e-01
156           	4.220428e-01	-3.139918e-01	7.360345e-01	7.624564e-01	7.186513e-02	6.905913e-01	-3.093631e-01	-5.250132e-01	2.650429e-01	-6.387691e-02	2.331044e-01	-2.969813e-01
157           	4.217070e-01	-3.138626e-01	7.355697e-01	7.620404e-01	7.192229e-02	6.901181e-01	-3.090979e-01	-5.247162e-01	2.650214e-01	-6.373694e-02	2.331529e-01	-2.968899e-01
158           	4.215263e-01	-3.138114e-01	7.353377e-01	7.618717e-01	7.186975e-02	6.900020e-01	-3.090661e-01	-5.245745e-01	2.650789e-01	-6.362009e-02	2.332689e-01	-2.968889e-01
159           	4.214727e-01	-3.138420e-01	7.353147e-01	7.619098e-01	7.173658e-02	6.901732e-01	-3.092183e-01	-5.245784e-01	2.652093e-01	-6.352368e-02	2.334474e-01	-2.969711e-01
160           	4.215918e-01	-3.139600e-01	7.355518e-01	7.622102e-01	7.151538e-02	6.906948e-01	-3.095897e-01	-5.247559e-01	2.654119e-01	-6.346416e-02	2.336798e-01	-2.971440e-01
161           	4.218510e-01	-3.141563e-01	7.360073e-01	7.627189e-01	7.124720e-02	6.914717e-01	-3.101122e-01	-5.250818e-01	2.656668e-01	-6.344362e-02	2.339450e-01	-2.973887e-01
162           	4.222804e-01	-3.144325e-01	7.367129e-01	7.634775e-01	7.092540e-02	6.925521e-01	-3.108134e-01	-5.255727e-01	2.659754e-01	-6.346912e-02	2.342408e-01	-2.977099e-01
163           	4.227945e-01	-3.147369e-01	7.375314e-01	7.643383e-01	7.059774e-02	6.937405e-01	-3.115714e-01	-5.261341e-01	2.662769e-01	-6.353703e-02	2.345084e-01	-2.980454e-01
164           	4.233823e-01	-3.150643e-01	7.384466e-01	7.652865e-01	7.027890e-02	6.950076e-01	-3.123643e-01	-5.267555e-01	2.665724e-01	-6.364000e-02	2.347524e-01	-2.983924e-01
165           	4.239926e-01	-3.153867e-01	7.393793e-01	7.662368e-01	6.999884e-02	6.962379e-01	-3.131195e-01	-5.273830e-01	2.668360e-01	-6.377027e-02	2.349509e-01	-2.987211e-01
166           	4.245863e-01	-3.156800e-01	7.402662e-01	7.671273e-01	6.977733e-02	6.973499e-01	-3.137863e-01	-5.279731e-01	2.670507e-01	-6.391770e-02	2.350919e-01	-2.990096e-01
167           	4.251037e-01	-3.159172e-01	7.410210e-01	7.678682e-01	6.963891e-02	6.982293e-01	-3.142952e-01	-5.284691e-01	2.671965e-01	-6.406811e-02	2.351624e-01	-2.992305e-01
168           	4.254901e-01	-3.160694e-01	7.415595e-01	7.683709e-01	6.959144e-02	6.987795e-01	-3.145940e-01	-5.288145e-01	2.672543e-01	-6.420537e-02	2.351516e-01	-2.993570e-01
169           	4.258017e-01	-3.161471e-01	7.419487e-01	7.687174e-01	6.960543e-02	6.991120e-01	-3.147533e-01	-5.290479e-01	2.672479e-01	-6.433649e-02	2.350797e-01	-2.994162e-01
170           	4.259608e-01	-3.161317e-01	7.420925e-01	7.688027e-01	6.970532e-02	6.990973e-01	-3.146960e-01	-5.291121e-01	2.671637e-01	-6.444036e-02	2.349435e-01	-2.993839e-01
171           	4.259631e-01	-3.160299e-01	7.419929e-01	7.686273e-01	6.988302e-02	6.987443e-01	-3.144306e-01	-5.290114e-01	2.670135e-01	-6.451033e-02	2.347584e-01	-2.992687e-01
172           	4.258222e-01	-3.158534e-01	7.416756e-01	7.682197e-01	7.011536e-02	6.981044e-01	-3.139945e-01	-5.287645e-01	2.668149e-01	-6.454242e-02	2.345437e-01	-2.990861e-01
173           	4.255326e-01	-3.156006e-01	7.411332e-01	7.675727e-01	7.038380e-02	6.971889e-01	-3.134026e-01	-5.283669e-01	2.665673e-01	-6.453427e-02	2.343002e-01	-2.988344e-01
174           	4.251420e-01	-3.153156e-01	7.404577e-01	7.667766e-01	7.065770e-02	6.961189e-01	-3.127306e-01	-5.278867e-01	2.663176e-01	-6.448542e-02	2.340749e-01	-2.985603e-01
175           	4.246652e-01	-3.150010e-01	7.396662e-01	7.658504e-01	7.091239e-02	6.949380e-01	-3.120128e-01	-5.273336e-01	2.660634e-01	-6.440260e-02	2.338621e-01	-2.982647e-01
176           	4.241536e-01	-3.146833e-01	7.388369e-01	7.648797e-01	7.111410e-02	6.937656e-01	-3.113257e-01	-5.267601e-01	2.658302e-01	-6.429266e-02	2.336839e-01	-2.979765e-01
177           	4.236471e-01	-3.143913e-01	7.380384e-01	7.639390e-01	7.125068e-02	6.926883e-01	-3.107188e-01	-5.262149e-01	2.656441e-01	-6.416171e-02	2.335632e-01	-2.977250e-01
178           	4.231857e-01	-3.141503e-01	7.373359e-01	7.630957e-01	7.131116e-02	6.917845e-01	-3.102367e-01	-5.257431e-01	2.655233e-01	-6.401992e-02	2.335133e-01	-2.975333e-01
179           	4.228091e-01	-3.139780e-01	7.367871e-01	7.624146e-01	7.128197e-02	6.911327e-01	-3.099253e-01	-5.253825e-01	2.654777e-01	-6.387864e-02	2.335384e-01	-2.974170e-01
180           	4.225606e-01	-3.138872e-01	7.364478e-01	7.619625e-01	7.115870e-02	6.908038e-01	-3.098225e-01	-5.251675e-01	2.655086e-01	-6.375456e-02	2.336313e-01	-2.973859e-01
181           	4.224149e-01	-3.138780e-01	7.362929e-01	7.616979e-01	7.096098e-02	6.907370e-01	-3.098880e-01	-5.250854e-01	2.656065e-01	-6.364671e-02	2.337832e-01	-2.974299e-01
182           	4.224237e-01	-3.139563e-01	7.363800e-01	7.616924e-01	7.068558e-02	6.910069e-01	-3.101606e-01	-5.251681e-01	2.657720e-01	-6.357234e-02	2.339858e-01	-2.975581e-01
183           	4.225704e-01	-3.141256e-01	7.366960e-01	7.619259e-01	7.037107e-02	6.915548e-01	-3.105919e-01	-5.254108e-01	2.659989e-01	-6.353320e-02	2.342323e-01	-2.977655e-01
184           	4.228421e-01	-3.143476e-01	7.371898e-01	7.623635e-01	7.002970e-02	6.923338e-01	-3.111521e-01	-5.257687e-01	2.662452e-01	-6.353800e-02	2.344762e-01	-2.980142e-01
185           	4.232151e-01	-3.146187e-01	7.378338e-01	7.629708e-01	6.969173e-02	6.932791e-01	-3.117937e-01	-5.262263e-01	2.665066e-01	-6.358130e-02	2.347159e-01	-2.982972e-01
186           	4.236671e-01	-3.149159e-01	7.385830e-01	7.637072e-01	6.937352e-02	6.943337e-01	-3.124801e-01	-5.267494e-01	2.667621e-01	-6.366067e-02	2.349317e-01	-2.985924e-01
187           	4.241589e-01	-3.152129e-01	7.393719e-01	7.645057e-01	6.910029e-02	6.954054e-01	-3.131526e-01	-5.272924e-01	2.669888e-01	-6.377012e-02	2.351038e-01	-2.988739e-01
188           	4.246532e-01	-3.154870e-01	7.401402e-01	7.653055e-01	6.889259e-02	6.964129e-01	-3.137602e-01	-5.278136e-01	2.671690e-01	-6.390126e-02	2.352183e-01	-2.991196e-01
189           	4.250892e-01	-3.157120e-01	7.408012e-01	7.660145e-01	6.877650e-02	6.972380e-01	-3.142308e-01	-5.282566e-01	2.672825e-01	-6.403987e-02	2.352625e-01	-2.993024e-01
190           	4.254345e-01	-3.158675e-01	7.413020e-01	7.665752e-01	6.875536e-02	6.978199e-01	-3.145323e-01	-5.285848e-01	2.673168e-01	-6.417656e-02	2.352285e-01	-2.994050e-01
191           	4.256571e-01	-3.159421e-01	7.415992e-01	7.669359e-01	6.882606e-02	6.981098e-01	-3.146419e-01	-5.287706e-01	2.672722e-01	-6.429696e-02	2.351237e-01	-2.994207e-01
192           	4.257707e-01	-3.159345e-01	7.417052e-01	7.671191e-01	6.897707e-02	6.981420e-01	-3.145825e-01	-5.288198e-01	2.671573e-01	-6.440075e-02	2.349569e-01	-2.993577e-01
193           	4.257329e-01	-3.158444e-01	7.415773e-01	7.670677e-01	6.921554e-02	6.978521e-01	-3.143183e-01	-5.287108e-01	2.669761e-01	-6.447294e-02	2.347397e-01	-2.992126e-01
194           	4.255530e-01	-3.156823e-01	7.412354e-01	7.667996e-01	6.952047e-02	6.972792e-01	-3.138794e-01	-5.284589e-01	2.667451e-01	-6.450901e-02	2.344906e-01	-2.989996e-01
195           	4.252253e-01	-3.154439e-01	7.406691e-01	7.663059e-01	6.987356e-02	6.964323e-01	-3.132794e-01	-5.280565e-01	2.664626e-01	-6.450562e-02	2.342098e-01	-2.987155e-01
196           	4.248002e-01	-3.151748e-01	7.399751e-01	7.656740e-01	7.024209e-02	6.954319e-01	-3.125949e-01	-5.275750e-01	2.661786e-01	-6.446281e-02	2.339472e-01	-2.984100e-01
197           	4.242892e-01	-3.148747e-01	7.391639e-01	7.649171e-01	7.060176e-02	6.943154e-01	-3.118568e-01	-5.270193e-01	2.658884e-01	-6.438618e-02	2.336953e-01	-2.980815e-01
198           	4.237328e-01	-3.145668e-01	7.382995e-01	7.641004e-01	7.092390e-02	6.931765e-01	-3.111263e-01	-5.264332e-01	2.656139e-01	-6.428107e-02	2.334733e-01	-2.977544e-01
199           	4.231845e-01	-3.142802e-01	7.374647e-01	7.633132e-01	7.118425e-02	6.921289e-01	-3.104723e-01	-5.258724e-01	2.653843e-01	-6.415504e-02	2.333068e-01	-2.974619e-01
200           	4.226758e-01	-3.140425e-01	7.367183e-01	7.626121e-01	7.137945e-02	6.912327e-01	-3.099266e-01	-5.253804e-01	2.652212e-01	-6.401492e-02	2.332137e-01	-2.972287e-01
