# Force and moment coefficients
# dragDir     : (9.135452e-01 4.067371e-01 0.000000e+00)
# sideDir     : (0.000000e+00 0.000000e+00 -1.000000e+00)
# liftDir     : (-4.067371e-01 9.135452e-01 0.000000e+00)
# rollAxis    : (9.135452e-01 4.067371e-01 0.000000e+00)
# pitchAxis   : (0.000000e+00 0.000000e+00 -1.000000e+00)
# yawAxis     : (-4.067371e-01 9.135452e-01 0.000000e+00)
# magUInf     : 7.000000e+00
# lRef        : 6.464070e-02
# Aref        : 7.433680e-03
# CofR        : (1.616020e-02 0.000000e+00 0.000000e+00)
#
# Time        	Cd            	Cd(f)         	Cd(r)         	Cl            	Cl(f)         	Cl(r)         	CmPitch       	CmRoll        	CmYaw         	Cs            	Cs(f)         	Cs(r)         
1             	1.569142e+00	-1.302207e+00	2.871349e+00	3.080713e+00	-3.267387e-01	3.407451e+00	-1.867095e+00	-2.086778e+00	9.427596e-01	-1.421454e-01	8.716869e-01	-1.013832e+00
2             	8.659007e-01	-8.231202e-01	1.689021e+00	1.812878e+00	8.447099e-02	1.728407e+00	-8.219681e-01	-1.256071e+00	5.400121e-01	-1.026731e-01	4.886755e-01	-5.913487e-01
3             	5.961696e-01	-7.014375e-01	1.297607e+00	1.402015e+00	2.262377e-01	1.175777e+00	-4.747699e-01	-9.995223e-01	3.869032e-01	-1.004853e-01	3.366605e-01	-4.371459e-01
4             	5.043537e-01	-7.039544e-01	1.208308e+00	1.326137e+00	2.642481e-01	1.061889e+00	-3.988202e-01	-9.561313e-01	3.311661e-01	-1.115244e-01	2.754039e-01	-3.869283e-01
5             	4.620656e-01	-7.316257e-01	1.193691e+00	1.329932e+00	2.832591e-01	1.046673e+00	-3.817068e-01	-9.626585e-01	3.030274e-01	-1.243443e-01	2.408553e-01	-3.651995e-01
6             	4.375757e-01	-7.600318e-01	1.197608e+00	1.348764e+00	2.947103e-01	1.054053e+00	-3.796716e-01	-9.788197e-01	2.860739e-01	-1.351453e-01	2.185012e-01	-3.536466e-01
7             	4.206747e-01	-7.816665e-01	1.202341e+00	1.363557e+00	3.021184e-01	1.061438e+00	-3.796600e-01	-9.920038e-01	2.750529e-01	-1.430757e-01	2.035150e-01	-3.465907e-01
8             	4.100656e-01	-7.981821e-01	1.208248e+00	1.375341e+00	3.075035e-01	1.067837e+00	-3.801668e-01	-1.003215e+00	2.695435e-01	-1.485248e-01	1.952811e-01	-3.438059e-01
9             	4.054996e-01	-8.120740e-01	1.217574e+00	1.386950e+00	3.110395e-01	1.075910e+00	-3.824353e-01	-1.014824e+00	2.693792e-01	-1.519525e-01	1.934030e-01	-3.453554e-01
10            	4.056433e-01	-8.232252e-01	1.228868e+00	1.398223e+00	3.133088e-01	1.084914e+00	-3.858026e-01	-1.026047e+00	2.731515e-01	-1.537869e-01	1.962580e-01	-3.500449e-01
11            	4.102515e-01	-8.335619e-01	1.243813e+00	1.411385e+00	3.151152e-01	1.096270e+00	-3.905774e-01	-1.038688e+00	2.804014e-01	-1.546778e-01	2.030625e-01	-3.577403e-01
12            	4.162895e-01	-8.409672e-01	1.257257e+00	1.422471e+00	3.164472e-01	1.106024e+00	-3.947885e-01	-1.049112e+00	2.883723e-01	-1.546183e-01	2.110632e-01	-3.656815e-01
13            	4.254550e-01	-8.462740e-01	1.271729e+00	1.434852e+00	3.169964e-01	1.117855e+00	-4.004294e-01	-1.059002e+00	2.986527e-01	-1.536423e-01	2.218316e-01	-3.754739e-01
14            	4.361378e-01	-8.486984e-01	1.284836e+00	1.446574e+00	3.169511e-01	1.129623e+00	-4.063360e-01	-1.066767e+00	3.098544e-01	-1.518204e-01	2.339442e-01	-3.857646e-01
15            	4.482411e-01	-8.470166e-01	1.295258e+00	1.457279e+00	3.164474e-01	1.140832e+00	-4.121922e-01	-1.071137e+00	3.215377e-01	-1.491301e-01	2.469726e-01	-3.961027e-01
16            	4.598787e-01	-8.422278e-01	1.302107e+00	1.465325e+00	3.153167e-01	1.150008e+00	-4.173459e-01	-1.072167e+00	3.321177e-01	-1.460953e-01	2.590700e-01	-4.051654e-01
17            	4.704522e-01	-8.332950e-01	1.303747e+00	1.469444e+00	3.132692e-01	1.156175e+00	-4.214530e-01	-1.068521e+00	3.410254e-01	-1.426223e-01	2.697142e-01	-4.123365e-01
18            	4.805946e-01	-8.201832e-01	1.300778e+00	1.470877e+00	3.103178e-01	1.160559e+00	-4.251207e-01	-1.060481e+00	3.485440e-01	-1.388643e-01	2.791118e-01	-4.179761e-01
19            	4.909296e-01	-8.051644e-01	1.296094e+00	1.470984e+00	3.060129e-01	1.164971e+00	-4.294790e-01	-1.050629e+00	3.558723e-01	-1.349722e-01	2.883862e-01	-4.233583e-01
20            	5.000441e-01	-7.894816e-01	1.289526e+00	1.468192e+00	3.004499e-01	1.167742e+00	-4.336461e-01	-1.039504e+00	3.624113e-01	-1.310411e-01	2.968908e-01	-4.279319e-01
21            	5.085430e-01	-7.716404e-01	1.280183e+00	1.463356e+00	2.935716e-01	1.169785e+00	-4.381065e-01	-1.025912e+00	3.673282e-01	-1.273838e-01	3.036363e-01	-4.310201e-01
22            	5.138078e-01	-7.504909e-01	1.264299e+00	1.452575e+00	2.861253e-01	1.166449e+00	-4.401620e-01	-1.007395e+00	3.687659e-01	-1.238344e-01	3.068487e-01	-4.306831e-01
23            	5.160362e-01	-7.238934e-01	1.239930e+00	1.434292e+00	2.765122e-01	1.157780e+00	-4.406339e-01	-9.819115e-01	3.662885e-01	-1.202227e-01	3.061771e-01	-4.263998e-01
24            	5.159019e-01	-6.951712e-01	1.211073e+00	1.411232e+00	2.658064e-01	1.145425e+00	-4.398095e-01	-9.531221e-01	3.612190e-01	-1.167282e-01	3.028549e-01	-4.195831e-01
25            	5.136026e-01	-6.651685e-01	1.178771e+00	1.383799e+00	2.538144e-01	1.129985e+00	-4.380853e-01	-9.219698e-01	3.539944e-01	-1.134306e-01	2.972791e-01	-4.107097e-01
26            	5.098080e-01	-6.343954e-01	1.144203e+00	1.352851e+00	2.400472e-01	1.112804e+00	-4.363782e-01	-8.892994e-01	3.452048e-01	-1.103867e-01	2.900115e-01	-4.003982e-01
27            	5.043010e-01	-6.028133e-01	1.107114e+00	1.318021e+00	2.246715e-01	1.093349e+00	-4.343389e-01	-8.549637e-01	3.349061e-01	-1.074509e-01	2.811806e-01	-3.886315e-01
28            	4.973485e-01	-5.715490e-01	1.068897e+00	1.280388e+00	2.082225e-01	1.072165e+00	-4.319715e-01	-8.202232e-01	3.235771e-01	-1.045728e-01	2.712907e-01	-3.758635e-01
29            	4.891029e-01	-5.418052e-01	1.030908e+00	1.240929e+00	1.914201e-01	1.049509e+00	-4.290443e-01	-7.863566e-01	3.116493e-01	-1.018144e-01	2.607422e-01	-3.625565e-01
30            	4.794085e-01	-5.139896e-01	9.933981e-01	1.199722e+00	1.744609e-01	1.025261e+00	-4.254001e-01	-7.536938e-01	2.991794e-01	-9.911357e-02	2.496227e-01	-3.487362e-01
31            	4.680609e-01	-4.888764e-01	9.569374e-01	1.156951e+00	1.576689e-01	9.992823e-01	-4.208067e-01	-7.229069e-01	2.863453e-01	-9.652773e-02	2.380814e-01	-3.346091e-01
32            	4.546956e-01	-4.663691e-01	9.210647e-01	1.112413e+00	1.419910e-01	9.704222e-01	-4.142156e-01	-6.937169e-01	2.730101e-01	-9.410607e-02	2.259571e-01	-3.200632e-01
33            	4.402920e-01	-4.472265e-01	8.875184e-01	1.067991e+00	1.278640e-01	9.401268e-01	-4.061314e-01	-6.673724e-01	2.601123e-01	-9.185427e-02	2.141852e-01	-3.060395e-01
34            	4.283472e-01	-4.341500e-01	8.624972e-01	1.030893e+00	1.158551e-01	9.150376e-01	-3.995912e-01	-6.483236e-01	2.499079e-01	-9.027986e-02	2.047680e-01	-2.950478e-01
35            	4.158573e-01	-4.252299e-01	8.410872e-01	9.952707e-01	1.063807e-01	8.888901e-01	-3.912547e-01	-6.331586e-01	2.412618e-01	-8.872411e-02	1.968998e-01	-2.856239e-01
36            	4.037046e-01	-4.194930e-01	8.231975e-01	9.624121e-01	9.873670e-02	8.636754e-01	-3.824694e-01	-6.213452e-01	2.341511e-01	-8.715253e-02	1.905748e-01	-2.777274e-01
37            	3.933833e-01	-4.168585e-01	8.102419e-01	9.347364e-01	9.232210e-02	8.424143e-01	-3.750461e-01	-6.135502e-01	2.291835e-01	-8.568422e-02	1.863414e-01	-2.720256e-01
38            	3.846127e-01	-4.162735e-01	8.008861e-01	9.114387e-01	8.683681e-02	8.246019e-01	-3.688826e-01	-6.085798e-01	2.259291e-01	-8.419483e-02	1.838317e-01	-2.680265e-01
39            	3.769339e-01	-4.168362e-01	7.937701e-01	8.914368e-01	8.235468e-02	8.090821e-01	-3.633637e-01	-6.053031e-01	2.240141e-01	-8.260256e-02	1.827129e-01	-2.653154e-01
40            	3.688738e-01	-4.170426e-01	7.859165e-01	8.716784e-01	7.916232e-02	7.925161e-01	-3.566769e-01	-6.014796e-01	2.224923e-01	-8.070689e-02	1.821388e-01	-2.628457e-01
41            	3.601021e-01	-4.159282e-01	7.760303e-01	8.511496e-01	7.751163e-02	7.736380e-01	-3.480632e-01	-5.959793e-01	2.209483e-01	-7.851580e-02	1.816904e-01	-2.602062e-01
42            	3.504942e-01	-4.122064e-01	7.627006e-01	8.289386e-01	7.699931e-02	7.519393e-01	-3.374700e-01	-5.874535e-01	2.186654e-01	-7.606857e-02	1.806311e-01	-2.566996e-01
43            	3.410280e-01	-4.057398e-01	7.467678e-01	8.065021e-01	7.707058e-02	7.294315e-01	-3.261805e-01	-5.762538e-01	2.155474e-01	-7.364833e-02	1.787233e-01	-2.523716e-01
44            	3.317346e-01	-3.971873e-01	7.289219e-01	7.840841e-01	7.782272e-02	7.062614e-01	-3.142193e-01	-5.630546e-01	2.118541e-01	-7.119784e-02	1.762552e-01	-2.474530e-01
45            	3.231336e-01	-3.876710e-01	7.108046e-01	7.629688e-01	7.903588e-02	6.839329e-01	-3.024485e-01	-5.492378e-01	2.079358e-01	-6.890624e-02	1.734827e-01	-2.423889e-01
46            	3.156179e-01	-3.778877e-01	6.935056e-01	7.441822e-01	8.029565e-02	6.638865e-01	-2.917954e-01	-5.356967e-01	2.037956e-01	-6.698574e-02	1.703027e-01	-2.372885e-01
47            	3.094692e-01	-3.687878e-01	6.782570e-01	7.289526e-01	8.164447e-02	6.473081e-01	-2.828318e-01	-5.235224e-01	1.996199e-01	-6.553020e-02	1.668548e-01	-2.323850e-01
48            	3.048858e-01	-3.612521e-01	6.661378e-01	7.183200e-01	8.324325e-02	6.350768e-01	-2.759168e-01	-5.136949e-01	1.957022e-01	-6.454876e-02	1.634278e-01	-2.279766e-01
49            	3.018799e-01	-3.556784e-01	6.575583e-01	7.124041e-01	8.483897e-02	6.275651e-01	-2.713631e-01	-5.066183e-01	1.922738e-01	-6.396021e-02	1.602937e-01	-2.242539e-01
50            	3.006155e-01	-3.522042e-01	6.528197e-01	7.112193e-01	8.629973e-02	6.249196e-01	-2.693099e-01	-5.025119e-01	1.896904e-01	-6.372587e-02	1.578274e-01	-2.215533e-01
51            	3.007446e-01	-3.500773e-01	6.508219e-01	7.137810e-01	8.778122e-02	6.259997e-01	-2.691093e-01	-5.004496e-01	1.877615e-01	-6.378422e-02	1.558694e-01	-2.196536e-01
52            	3.015393e-01	-3.483599e-01	6.498992e-01	7.182072e-01	8.943434e-02	6.287729e-01	-2.696693e-01	-4.991296e-01	1.861299e-01	-6.402274e-02	1.541185e-01	-2.181413e-01
53            	3.020773e-01	-3.463122e-01	6.483896e-01	7.226734e-01	9.169077e-02	6.309826e-01	-2.696459e-01	-4.973509e-01	1.843201e-01	-6.432216e-02	1.521590e-01	-2.164812e-01
54            	3.019471e-01	-3.439345e-01	6.458817e-01	7.265294e-01	9.479892e-02	6.317305e-01	-2.684658e-01	-4.949081e-01	1.822014e-01	-6.461947e-02	1.498917e-01	-2.145111e-01
55            	3.012461e-01	-3.418829e-01	6.431290e-01	7.300846e-01	9.872014e-02	6.313645e-01	-2.663222e-01	-4.925060e-01	1.800670e-01	-6.488402e-02	1.476250e-01	-2.125090e-01
56            	3.003377e-01	-3.408004e-01	6.411380e-01	7.337505e-01	1.028440e-01	6.309065e-01	-2.640312e-01	-4.909692e-01	1.782862e-01	-6.512813e-02	1.457221e-01	-2.108502e-01
57            	3.000415e-01	-3.416016e-01	6.416431e-01	7.394718e-01	1.072259e-01	6.322460e-01	-2.625100e-01	-4.916224e-01	1.773281e-01	-6.551606e-02	1.445700e-01	-2.100861e-01
58            	3.008076e-01	-3.444699e-01	6.452776e-01	7.479294e-01	1.115546e-01	6.363748e-01	-2.624101e-01	-4.948737e-01	1.773454e-01	-6.613496e-02	1.442779e-01	-2.104129e-01
59            	3.034685e-01	-3.500549e-01	6.535235e-01	7.608872e-01	1.159116e-01	6.449757e-01	-2.645321e-01	-5.017892e-01	1.787842e-01	-6.716138e-02	1.452035e-01	-2.123649e-01
60            	3.071014e-01	-3.569285e-01	6.640299e-01	7.754948e-01	1.195605e-01	6.559343e-01	-2.681869e-01	-5.104792e-01	1.809431e-01	-6.840337e-02	1.467414e-01	-2.151448e-01
61            	3.111922e-01	-3.640588e-01	6.752510e-01	7.904298e-01	1.225041e-01	6.679256e-01	-2.727107e-01	-5.196549e-01	1.833280e-01	-6.976869e-02	1.484437e-01	-2.182124e-01
62            	3.155473e-01	-3.710532e-01	6.866005e-01	8.049178e-01	1.246814e-01	6.802364e-01	-2.777775e-01	-5.288268e-01	1.859155e-01	-7.115481e-02	1.503381e-01	-2.214929e-01
63            	3.199149e-01	-3.776243e-01	6.975392e-01	8.183419e-01	1.261218e-01	6.922201e-01	-2.830491e-01	-5.375817e-01	1.885922e-01	-7.246658e-02	1.523589e-01	-2.248255e-01
64            	3.238629e-01	-3.831571e-01	7.070200e-01	8.295270e-01	1.267818e-01	7.027452e-01	-2.879817e-01	-5.450885e-01	1.910885e-01	-7.359754e-02	1.542897e-01	-2.278873e-01
65            	3.273699e-01	-3.878166e-01	7.151865e-01	8.384511e-01	1.267536e-01	7.116975e-01	-2.924720e-01	-5.515015e-01	1.935175e-01	-7.448711e-02	1.562740e-01	-2.307611e-01
66            	3.310973e-01	-3.923601e-01	7.234574e-01	8.464937e-01	1.259308e-01	7.205629e-01	-2.973161e-01	-5.579087e-01	1.962994e-01	-7.526788e-02	1.586655e-01	-2.339333e-01
67            	3.347457e-01	-3.964217e-01	7.311673e-01	8.532563e-01	1.245065e-01	7.287498e-01	-3.021216e-01	-5.637945e-01	1.990730e-01	-7.595818e-02	1.610939e-01	-2.370521e-01
68            	3.380656e-01	-3.993603e-01	7.374259e-01	8.583992e-01	1.225284e-01	7.358709e-01	-3.066713e-01	-5.683931e-01	2.013844e-01	-7.654498e-02	1.631119e-01	-2.396568e-01
69            	3.412229e-01	-4.014830e-01	7.427060e-01	8.625134e-01	1.200810e-01	7.424324e-01	-3.111757e-01	-5.720945e-01	2.033505e-01	-7.706299e-02	1.648190e-01	-2.418820e-01
70            	3.437893e-01	-4.024541e-01	7.462433e-01	8.650063e-01	1.173773e-01	7.476289e-01	-3.151258e-01	-5.743487e-01	2.046616e-01	-7.746170e-02	1.659307e-01	-2.433924e-01
71            	3.453861e-01	-4.021388e-01	7.475249e-01	8.653956e-01	1.146913e-01	7.507043e-01	-3.180065e-01	-5.748319e-01	2.051480e-01	-7.767838e-02	1.663088e-01	-2.439872e-01
72            	3.457924e-01	-4.007727e-01	7.465651e-01	8.633952e-01	1.122147e-01	7.511805e-01	-3.194829e-01	-5.736689e-01	2.049171e-01	-7.764314e-02	1.660956e-01	-2.437387e-01
73            	3.449263e-01	-3.987206e-01	7.436469e-01	8.590478e-01	1.101358e-01	7.489120e-01	-3.193881e-01	-5.711838e-01	2.041540e-01	-7.732353e-02	1.654922e-01	-2.428158e-01
74            	3.432778e-01	-3.964914e-01	7.397692e-01	8.533459e-01	1.084125e-01	7.449333e-01	-3.182604e-01	-5.681303e-01	2.032302e-01	-7.678186e-02	1.648393e-01	-2.416211e-01
75            	3.411794e-01	-3.942169e-01	7.353963e-01	8.469393e-01	1.069034e-01	7.400359e-01	-3.165662e-01	-5.648066e-01	2.022417e-01	-7.611082e-02	1.641862e-01	-2.402971e-01
76            	3.388391e-01	-3.922041e-01	7.310432e-01	8.403042e-01	1.056415e-01	7.346628e-01	-3.145106e-01	-5.616237e-01	2.013670e-01	-7.536618e-02	1.636839e-01	-2.390500e-01
77            	3.362087e-01	-3.904293e-01	7.266380e-01	8.334365e-01	1.046923e-01	7.287443e-01	-3.120260e-01	-5.585336e-01	2.005490e-01	-7.457862e-02	1.632597e-01	-2.378384e-01
78            	3.332221e-01	-3.887695e-01	7.219916e-01	8.262582e-01	1.040613e-01	7.221968e-01	-3.090677e-01	-5.553805e-01	1.996655e-01	-7.376223e-02	1.627844e-01	-2.365466e-01
79            	3.299164e-01	-3.871515e-01	7.170678e-01	8.188228e-01	1.037576e-01	7.150652e-01	-3.056538e-01	-5.521096e-01	1.986468e-01	-7.296361e-02	1.621650e-01	-2.351286e-01
80            	3.264581e-01	-3.856479e-01	7.121061e-01	8.114411e-01	1.037640e-01	7.076771e-01	-3.019566e-01	-5.488770e-01	1.975236e-01	-7.222352e-02	1.614118e-01	-2.336353e-01
81            	3.229262e-01	-3.844197e-01	7.073459e-01	8.042721e-01	1.041209e-01	7.001512e-01	-2.980151e-01	-5.458828e-01	1.964110e-01	-7.152896e-02	1.606465e-01	-2.321755e-01
82            	3.194638e-01	-3.835822e-01	7.030460e-01	7.975776e-01	1.048027e-01	6.927749e-01	-2.939861e-01	-5.433141e-01	1.954311e-01	-7.086804e-02	1.599971e-01	-2.308651e-01
83            	3.165703e-01	-3.831799e-01	6.997502e-01	7.921336e-01	1.055149e-01	6.866187e-01	-2.905519e-01	-5.414651e-01	1.947228e-01	-7.031946e-02	1.595630e-01	-2.298825e-01
84            	3.144522e-01	-3.831799e-01	6.976321e-01	7.882286e-01	1.061754e-01	6.820531e-01	-2.879389e-01	-5.404060e-01	1.943544e-01	-6.991030e-02	1.593993e-01	-2.293096e-01
85            	3.130737e-01	-3.834026e-01	6.964764e-01	7.857096e-01	1.067306e-01	6.789790e-01	-2.861242e-01	-5.399395e-01	1.942603e-01	-6.962927e-02	1.594457e-01	-2.290749e-01
86            	3.123194e-01	-3.836279e-01	6.959473e-01	7.842673e-01	1.071639e-01	6.771034e-01	-2.849698e-01	-5.397876e-01	1.943322e-01	-6.945499e-02	1.596047e-01	-2.290597e-01
87            	3.120216e-01	-3.837063e-01	6.957279e-01	7.835514e-01	1.074935e-01	6.760578e-01	-2.842821e-01	-5.397171e-01	1.944483e-01	-6.936890e-02	1.597638e-01	-2.291327e-01
88            	3.120928e-01	-3.834736e-01	6.955664e-01	7.833195e-01	1.076485e-01	6.756709e-01	-2.840112e-01	-5.395200e-01	1.944917e-01	-6.935958e-02	1.598119e-01	-2.291715e-01
89            	3.124691e-01	-3.828541e-01	6.953233e-01	7.834451e-01	1.076238e-01	6.758213e-01	-2.840988e-01	-5.390887e-01	1.943856e-01	-6.942345e-02	1.596739e-01	-2.290973e-01
90            	3.131041e-01	-3.818831e-01	6.949872e-01	7.838627e-01	1.074313e-01	6.764314e-01	-2.845001e-01	-5.384351e-01	1.941200e-01	-6.955545e-02	1.593422e-01	-2.288977e-01
91            	3.138836e-01	-3.806791e-01	6.945628e-01	7.844516e-01	1.071472e-01	6.773044e-01	-2.850786e-01	-5.376210e-01	1.937183e-01	-6.973171e-02	1.588525e-01	-2.285842e-01
92            	3.147818e-01	-3.794455e-01	6.942273e-01	7.852651e-01	1.068508e-01	6.784143e-01	-2.857818e-01	-5.368364e-01	1.932941e-01	-6.992656e-02	1.583309e-01	-2.282574e-01
93            	3.157538e-01	-3.783345e-01	6.940883e-01	7.863277e-01	1.065955e-01	6.797322e-01	-2.865683e-01	-5.362114e-01	1.929259e-01	-7.012030e-02	1.578657e-01	-2.279860e-01
94            	3.168273e-01	-3.774626e-01	6.942899e-01	7.877700e-01	1.063728e-01	6.813971e-01	-2.875122e-01	-5.358762e-01	1.926827e-01	-7.031713e-02	1.575241e-01	-2.278413e-01
95            	3.178055e-01	-3.766656e-01	6.944711e-01	7.892246e-01	1.062040e-01	6.830205e-01	-2.884083e-01	-5.355684e-01	1.924511e-01	-7.049366e-02	1.572042e-01	-2.276979e-01
96            	3.185685e-01	-3.759030e-01	6.944715e-01	7.904935e-01	1.061163e-01	6.843772e-01	-2.891304e-01	-5.351872e-01	1.921739e-01	-7.064113e-02	1.568533e-01	-2.274944e-01
97            	3.190629e-01	-3.751830e-01	6.942458e-01	7.914723e-01	1.061113e-01	6.853610e-01	-2.896249e-01	-5.347144e-01	1.918287e-01	-7.076928e-02	1.564440e-01	-2.272133e-01
98            	3.191941e-01	-3.744704e-01	6.936645e-01	7.919804e-01	1.062077e-01	6.857727e-01	-2.897825e-01	-5.340675e-01	1.913575e-01	-7.087772e-02	1.559186e-01	-2.267963e-01
99            	3.189067e-01	-3.738181e-01	6.927248e-01	7.919060e-01	1.064278e-01	6.854782e-01	-2.895252e-01	-5.332714e-01	1.907716e-01	-7.095562e-02	1.552938e-01	-2.262494e-01
100           	3.182605e-01	-3.733328e-01	6.915933e-01	7.913569e-01	1.067821e-01	6.845748e-01	-2.888963e-01	-5.324630e-01	1.901454e-01	-7.100029e-02	1.546453e-01	-2.256456e-01
101           	3.173926e-01	-3.732672e-01	6.906598e-01	7.906556e-01	1.073236e-01	6.833320e-01	-2.880042e-01	-5.319635e-01	1.896337e-01	-7.102171e-02	1.541228e-01	-2.251445e-01
102           	3.164115e-01	-3.736991e-01	6.901106e-01	7.898727e-01	1.079154e-01	6.819573e-01	-2.870209e-01	-5.319049e-01	1.893557e-01	-7.099389e-02	1.538588e-01	-2.248527e-01
103           	3.154876e-01	-3.747406e-01	6.902282e-01	7.893083e-01	1.085517e-01	6.807566e-01	-2.861024e-01	-5.324844e-01	1.894308e-01	-7.092939e-02	1.539661e-01	-2.248955e-01
104           	3.148671e-01	-3.764016e-01	6.912687e-01	7.893797e-01	1.091914e-01	6.801883e-01	-2.854985e-01	-5.338351e-01	1.899286e-01	-7.086765e-02	1.544947e-01	-2.253624e-01
105           	3.146735e-01	-3.785434e-01	6.932169e-01	7.902605e-01	1.098141e-01	6.804464e-01	-2.853161e-01	-5.358802e-01	1.908161e-01	-7.083870e-02	1.553968e-01	-2.262355e-01
106           	3.150357e-01	-3.809460e-01	6.959818e-01	7.921371e-01	1.103658e-01	6.817713e-01	-2.857027e-01	-5.384639e-01	1.919875e-01	-7.089181e-02	1.565416e-01	-2.274334e-01
107           	3.158666e-01	-3.833401e-01	6.992067e-01	7.948075e-01	1.108652e-01	6.839423e-01	-2.865386e-01	-5.412734e-01	1.932744e-01	-7.103049e-02	1.577592e-01	-2.287896e-01
108           	3.170413e-01	-3.854597e-01	7.025010e-01	7.979895e-01	1.112930e-01	6.866965e-01	-2.877017e-01	-5.439803e-01	1.944940e-01	-7.125322e-02	1.588674e-01	-2.301206e-01
109           	3.183645e-01	-3.870908e-01	7.054553e-01	8.012725e-01	1.116415e-01	6.896310e-01	-2.889947e-01	-5.462730e-01	1.954786e-01	-7.153785e-02	1.597097e-01	-2.312475e-01
110           	3.197458e-01	-3.881790e-01	7.079248e-01	8.044657e-01	1.118927e-01	6.925730e-01	-2.903402e-01	-5.480519e-01	1.961720e-01	-7.186925e-02	1.602374e-01	-2.321067e-01
111           	3.211244e-01	-3.887748e-01	7.098992e-01	8.074352e-01	1.120453e-01	6.953899e-01	-2.916723e-01	-5.493370e-01	1.965950e-01	-7.222539e-02	1.604823e-01	-2.327077e-01
112           	3.224247e-01	-3.889130e-01	7.113376e-01	8.100371e-01	1.121095e-01	6.979275e-01	-2.929090e-01	-5.501253e-01	1.967606e-01	-7.258274e-02	1.604692e-01	-2.330520e-01
113           	3.235404e-01	-3.886224e-01	7.121627e-01	8.120836e-01	1.121081e-01	6.999755e-01	-2.939337e-01	-5.503926e-01	1.966829e-01	-7.290545e-02	1.602302e-01	-2.331356e-01
114           	3.245136e-01	-3.880265e-01	7.125400e-01	8.136781e-01	1.120303e-01	7.016478e-01	-2.948088e-01	-5.502832e-01	1.964660e-01	-7.317501e-02	1.598785e-01	-2.330535e-01
115           	3.254156e-01	-3.872682e-01	7.126838e-01	8.149838e-01	1.118546e-01	7.031292e-01	-2.956373e-01	-5.499760e-01	1.962218e-01	-7.338630e-02	1.595287e-01	-2.329150e-01
116           	3.262289e-01	-3.863696e-01	7.125984e-01	8.160060e-01	1.115681e-01	7.044379e-01	-2.964349e-01	-5.494840e-01	1.959616e-01	-7.353343e-02	1.591949e-01	-2.327283e-01
117           	3.268999e-01	-3.853318e-01	7.122317e-01	8.166926e-01	1.111819e-01	7.055107e-01	-2.971644e-01	-5.487817e-01	1.956664e-01	-7.361686e-02	1.588580e-01	-2.324748e-01
118           	3.273933e-01	-3.842055e-01	7.115988e-01	8.170132e-01	1.106954e-01	7.063179e-01	-2.978113e-01	-5.479021e-01	1.953348e-01	-7.364311e-02	1.585133e-01	-2.321564e-01
119           	3.276032e-01	-3.829945e-01	7.105977e-01	8.167980e-01	1.101169e-01	7.066811e-01	-2.982821e-01	-5.467961e-01	1.949202e-01	-7.361021e-02	1.581151e-01	-2.317253e-01
120           	3.274017e-01	-3.817488e-01	7.091505e-01	8.158516e-01	1.094955e-01	7.063561e-01	-2.984303e-01	-5.454496e-01	1.944019e-01	-7.350626e-02	1.576488e-01	-2.311551e-01
121           	3.267869e-01	-3.806122e-01	7.073991e-01	8.142078e-01	1.088890e-01	7.053188e-01	-2.982149e-01	-5.440056e-01	1.938418e-01	-7.333464e-02	1.571744e-01	-2.305091e-01
122           	3.257999e-01	-3.797242e-01	7.055241e-01	8.119693e-01	1.083190e-01	7.036503e-01	-2.976656e-01	-5.426241e-01	1.933099e-01	-7.310206e-02	1.567589e-01	-2.298610e-01
123           	3.245203e-01	-3.793150e-01	7.038353e-01	8.093016e-01	1.078169e-01	7.014848e-01	-2.968340e-01	-5.415751e-01	1.929404e-01	-7.281213e-02	1.565343e-01	-2.293464e-01
124           	3.230474e-01	-3.794992e-01	7.025466e-01	8.064664e-01	1.075131e-01	6.989533e-01	-2.957201e-01	-5.410229e-01	1.927998e-01	-7.248776e-02	1.565559e-01	-2.290437e-01
125           	3.215831e-01	-3.802409e-01	7.018239e-01	8.038391e-01	1.074056e-01	6.964335e-01	-2.945140e-01	-5.410324e-01	1.929002e-01	-7.217471e-02	1.568128e-01	-2.289875e-01
126           	3.203299e-01	-3.814844e-01	7.018143e-01	8.017722e-01	1.074838e-01	6.942884e-01	-2.934023e-01	-5.416494e-01	1.932623e-01	-7.191273e-02	1.573059e-01	-2.292186e-01
127           	3.193695e-01	-3.830369e-01	7.024064e-01	8.003876e-01	1.077519e-01	6.926356e-01	-2.924419e-01	-5.427216e-01	1.938218e-01	-7.171580e-02	1.579639e-01	-2.296797e-01
128           	3.186495e-01	-3.846004e-01	7.032499e-01	7.995527e-01	1.082214e-01	6.913313e-01	-2.915550e-01	-5.439251e-01	1.944257e-01	-7.157970e-02	1.586359e-01	-2.302156e-01
129           	3.182143e-01	-3.859787e-01	7.041930e-01	7.992538e-01	1.087972e-01	6.904566e-01	-2.908297e-01	-5.450859e-01	1.949917e-01	-7.151580e-02	1.592338e-01	-2.307496e-01
130           	3.179960e-01	-3.870271e-01	7.050230e-01	7.992989e-01	1.094359e-01	6.898631e-01	-2.902136e-01	-5.460250e-01	1.954539e-01	-7.149874e-02	1.597045e-01	-2.312033e-01
131           	3.180095e-01	-3.876601e-01	7.056696e-01	7.996452e-01	1.100363e-01	6.896089e-01	-2.897863e-01	-5.466649e-01	1.957698e-01	-7.152682e-02	1.600064e-01	-2.315332e-01
132           	3.182388e-01	-3.878911e-01	7.061300e-01	8.002207e-01	1.105454e-01	6.896753e-01	-2.895649e-01	-5.470106e-01	1.959409e-01	-7.159673e-02	1.601425e-01	-2.317392e-01
133           	3.187213e-01	-3.877620e-01	7.064833e-01	8.010578e-01	1.109167e-01	6.901410e-01	-2.896122e-01	-5.471227e-01	1.959960e-01	-7.170813e-02	1.601419e-01	-2.318500e-01
134           	3.194382e-01	-3.873378e-01	7.067760e-01	8.021063e-01	1.111026e-01	6.910038e-01	-2.899506e-01	-5.470569e-01	1.959602e-01	-7.185266e-02	1.600339e-01	-2.318865e-01
135           	3.203618e-01	-3.866979e-01	7.070597e-01	8.033702e-01	1.111223e-01	6.922478e-01	-2.905628e-01	-5.468788e-01	1.958742e-01	-7.201937e-02	1.598645e-01	-2.318839e-01
136           	3.214640e-01	-3.858780e-01	7.073420e-01	8.048639e-01	1.110030e-01	6.938609e-01	-2.914289e-01	-5.466100e-01	1.957476e-01	-7.220399e-02	1.596456e-01	-2.318496e-01
137           	3.226155e-01	-3.848520e-01	7.074675e-01	8.064072e-01	1.107601e-01	6.956471e-01	-2.924435e-01	-5.461598e-01	1.955382e-01	-7.238610e-02	1.593451e-01	-2.317312e-01
138           	3.237099e-01	-3.836584e-01	7.073683e-01	8.078584e-01	1.104237e-01	6.974347e-01	-2.935055e-01	-5.455134e-01	1.952392e-01	-7.255224e-02	1.589631e-01	-2.315153e-01
139           	3.246656e-01	-3.823522e-01	7.070178e-01	8.091067e-01	1.100103e-01	6.990964e-01	-2.945430e-01	-5.446850e-01	1.948475e-01	-7.269923e-02	1.584979e-01	-2.311971e-01
140           	3.253067e-01	-3.809239e-01	7.062305e-01	8.098310e-01	1.095306e-01	7.003003e-01	-2.953848e-01	-5.435772e-01	1.943152e-01	-7.279947e-02	1.579154e-01	-2.307149e-01
141           	3.256054e-01	-3.794583e-01	7.050637e-01	8.099800e-01	1.089670e-01	7.010129e-01	-2.960229e-01	-5.422610e-01	1.936632e-01	-7.285549e-02	1.572355e-01	-2.300910e-01
142           	3.254428e-01	-3.780830e-01	7.035258e-01	8.093661e-01	1.083784e-01	7.009877e-01	-2.963046e-01	-5.408044e-01	1.929308e-01	-7.284401e-02	1.565088e-01	-2.293528e-01
143           	3.249047e-01	-3.769513e-01	7.018560e-01	8.081569e-01	1.078057e-01	7.003512e-01	-2.962727e-01	-5.394036e-01	1.922168e-01	-7.277090e-02	1.558314e-01	-2.286023e-01
144           	3.239382e-01	-3.762256e-01	7.001638e-01	8.062838e-01	1.073075e-01	6.989764e-01	-2.958345e-01	-5.381947e-01	1.916020e-01	-7.261574e-02	1.552941e-01	-2.279099e-01
145           	3.225673e-01	-3.761187e-01	6.986861e-01	8.038139e-01	1.069564e-01	6.968575e-01	-2.949505e-01	-5.374024e-01	1.912189e-01	-7.236828e-02	1.550347e-01	-2.274030e-01
146           	3.209818e-01	-3.767442e-01	6.977260e-01	8.011441e-01	1.068462e-01	6.942979e-01	-2.937258e-01	-5.372351e-01	1.911590e-01	-7.206746e-02	1.551252e-01	-2.271927e-01
147           	3.195249e-01	-3.781121e-01	6.976370e-01	7.988847e-01	1.069394e-01	6.919453e-01	-2.925029e-01	-5.378745e-01	1.914842e-01	-7.178811e-02	1.555901e-01	-2.273782e-01
148           	3.183482e-01	-3.800918e-01	6.984400e-01	7.973257e-01	1.072850e-01	6.900407e-01	-2.913778e-01	-5.392659e-01	1.921620e-01	-7.156494e-02	1.563795e-01	-2.279445e-01
149           	3.174868e-01	-3.823636e-01	6.998504e-01	7.964759e-01	1.078561e-01	6.886198e-01	-2.903819e-01	-5.411070e-01	1.930416e-01	-7.141152e-02	1.573358e-01	-2.287473e-01
150           	3.170398e-01	-3.845903e-01	7.016300e-01	7.964698e-01	1.086106e-01	6.878593e-01	-2.896244e-01	-5.431101e-01	1.939704e-01	-7.135597e-02	1.582924e-01	-2.296483e-01
151           	3.170186e-01	-3.865307e-01	7.035493e-01	7.972418e-01	1.094611e-01	6.877807e-01	-2.891598e-01	-5.450400e-01	1.948426e-01	-7.139726e-02	1.591439e-01	-2.305412e-01
152           	3.173105e-01	-3.880373e-01	7.053478e-01	7.985286e-01	1.103672e-01	6.881613e-01	-2.888970e-01	-5.466925e-01	1.955790e-01	-7.150171e-02	1.598282e-01	-2.313299e-01
153           	3.178138e-01	-3.890202e-01	7.068340e-01	8.000667e-01	1.112226e-01	6.888441e-01	-2.888108e-01	-5.479271e-01	1.961140e-01	-7.164427e-02	1.602919e-01	-2.319362e-01
154           	3.185484e-01	-3.894761e-01	7.080245e-01	8.018105e-01	1.119389e-01	6.898716e-01	-2.889663e-01	-5.487503e-01	1.964520e-01	-7.182399e-02	1.605400e-01	-2.323640e-01
155           	3.195360e-01	-3.894891e-01	7.090251e-01	8.037411e-01	1.124630e-01	6.912782e-01	-2.894076e-01	-5.492571e-01	1.966506e-01	-7.203433e-02	1.606334e-01	-2.326677e-01
156           	3.207621e-01	-3.891154e-01	7.098775e-01	8.058249e-01	1.127513e-01	6.930737e-01	-2.901612e-01	-5.494965e-01	1.967435e-01	-7.226314e-02	1.606119e-01	-2.328751e-01
157           	3.222318e-01	-3.884252e-01	7.106570e-01	8.081277e-01	1.128105e-01	6.953173e-01	-2.912534e-01	-5.495411e-01	1.967687e-01	-7.250661e-02	1.605154e-01	-2.330220e-01
158           	3.237970e-01	-3.874108e-01	7.112078e-01	8.104909e-01	1.127128e-01	6.977781e-01	-2.925326e-01	-5.493093e-01	1.966902e-01	-7.273972e-02	1.603203e-01	-2.330600e-01
159           	3.254055e-01	-3.861247e-01	7.115303e-01	8.128824e-01	1.124417e-01	7.004407e-01	-2.939995e-01	-5.488275e-01	1.965165e-01	-7.295969e-02	1.600366e-01	-2.329963e-01
160           	3.269723e-01	-3.846073e-01	7.115796e-01	8.152030e-01	1.120135e-01	7.031895e-01	-2.955880e-01	-5.480934e-01	1.962308e-01	-7.316640e-02	1.596476e-01	-2.328140e-01
161           	3.282887e-01	-3.828443e-01	7.111330e-01	8.170892e-01	1.114157e-01	7.056735e-01	-2.971289e-01	-5.469887e-01	1.957612e-01	-7.333928e-02	1.590916e-01	-2.324309e-01
162           	3.292955e-01	-3.809030e-01	7.101986e-01	8.184899e-01	1.106853e-01	7.078046e-01	-2.985597e-01	-5.455508e-01	1.950910e-01	-7.348939e-02	1.583463e-01	-2.318357e-01
163           	3.298314e-01	-3.788738e-01	7.087052e-01	8.190762e-01	1.097932e-01	7.092829e-01	-2.997449e-01	-5.437895e-01	1.942137e-01	-7.359074e-02	1.574184e-01	-2.310091e-01
164           	3.297888e-01	-3.769192e-01	7.067080e-01	8.186718e-01	1.088001e-01	7.098717e-01	-3.005358e-01	-5.418136e-01	1.931811e-01	-7.362058e-02	1.563708e-01	-2.299914e-01
165           	3.290545e-01	-3.753151e-01	7.043696e-01	8.170629e-01	1.077630e-01	7.092999e-01	-3.007684e-01	-5.398423e-01	1.921392e-01	-7.353111e-02	1.553737e-01	-2.289048e-01
166           	3.276429e-01	-3.743074e-01	7.019503e-01	8.142926e-01	1.067812e-01	7.075113e-01	-3.003651e-01	-5.381288e-01	1.912336e-01	-7.331621e-02	1.545755e-01	-2.278917e-01
167           	3.257028e-01	-3.743077e-01	7.000106e-01	8.106651e-01	1.059746e-01	7.046905e-01	-2.993579e-01	-5.371592e-01	1.907238e-01	-7.298657e-02	1.542305e-01	-2.272171e-01
168           	3.234337e-01	-3.753888e-01	6.988225e-01	8.066152e-01	1.055268e-01	7.010884e-01	-2.977808e-01	-5.371056e-01	1.906822e-01	-7.258760e-02	1.543884e-01	-2.269760e-01
169           	3.210960e-01	-3.774039e-01	6.984999e-01	8.026198e-01	1.055036e-01	6.971162e-01	-2.958063e-01	-5.379519e-01	1.910879e-01	-7.217699e-02	1.549994e-01	-2.271764e-01
170           	3.189470e-01	-3.801417e-01	6.990887e-01	7.992122e-01	1.060232e-01	6.931889e-01	-2.935829e-01	-5.396152e-01	1.919072e-01	-7.180457e-02	1.560049e-01	-2.278095e-01
171           	3.172927e-01	-3.832325e-01	7.005252e-01	7.968619e-01	1.069059e-01	6.899560e-01	-2.915250e-01	-5.418789e-01	1.930135e-01	-7.153788e-02	1.572445e-01	-2.287824e-01
172           	3.163995e-01	-3.862944e-01	7.026939e-01	7.960201e-01	1.080145e-01	6.880055e-01	-2.899955e-01	-5.444942e-01	1.942588e-01	-7.142927e-02	1.585442e-01	-2.299734e-01
173           	3.162195e-01	-3.889997e-01	7.052192e-01	7.965426e-01	1.092556e-01	6.872871e-01	-2.890158e-01	-5.471095e-01	1.955001e-01	-7.144429e-02	1.597780e-01	-2.312222e-01
174           	3.166090e-01	-3.911064e-01	7.077154e-01	7.981225e-01	1.105384e-01	6.875841e-01	-2.885229e-01	-5.494109e-01	1.965835e-01	-7.155669e-02	1.608052e-01	-2.323619e-01
175           	3.173096e-01	-3.924720e-01	7.097815e-01	8.001327e-01	1.117239e-01	6.884088e-01	-2.883424e-01	-5.511268e-01	1.974026e-01	-7.170587e-02	1.615497e-01	-2.332556e-01
176           	3.182122e-01	-3.930588e-01	7.112710e-01	8.022033e-01	1.126595e-01	6.895438e-01	-2.884421e-01	-5.521649e-01	1.979147e-01	-7.187388e-02	1.619778e-01	-2.338517e-01
177           	3.193311e-01	-3.929806e-01	7.123117e-01	8.043155e-01	1.133680e-01	6.909476e-01	-2.887898e-01	-5.526462e-01	1.981799e-01	-7.206692e-02	1.621464e-01	-2.342133e-01
178           	3.206549e-01	-3.922714e-01	7.129263e-01	8.064186e-01	1.137895e-01	6.926292e-01	-2.894199e-01	-5.525988e-01	1.982211e-01	-7.227614e-02	1.620830e-01	-2.343591e-01
179           	3.222755e-01	-3.910468e-01	7.133223e-01	8.087369e-01	1.139035e-01	6.948334e-01	-2.904650e-01	-5.521846e-01	1.981159e-01	-7.251173e-02	1.618600e-01	-2.343718e-01
180           	3.240387e-01	-3.893730e-01	7.134117e-01	8.111448e-01	1.138120e-01	6.973327e-01	-2.917603e-01	-5.513923e-01	1.978657e-01	-7.274037e-02	1.614955e-01	-2.342359e-01
181           	3.259102e-01	-3.873324e-01	7.132426e-01	8.137657e-01	1.136167e-01	7.001489e-01	-2.932661e-01	-5.502875e-01	1.974811e-01	-7.296668e-02	1.609978e-01	-2.339645e-01
182           	3.277279e-01	-3.850719e-01	7.127997e-01	8.164033e-01	1.133014e-01	7.031019e-01	-2.949003e-01	-5.489358e-01	1.969721e-01	-7.318294e-02	1.603806e-01	-2.335636e-01
183           	3.294402e-01	-3.826409e-01	7.120811e-01	8.190083e-01	1.128219e-01	7.061864e-01	-2.966823e-01	-5.473610e-01	1.963123e-01	-7.340121e-02	1.596117e-01	-2.330129e-01
184           	3.308913e-01	-3.800680e-01	7.109593e-01	8.213011e-01	1.121489e-01	7.091522e-01	-2.985017e-01	-5.455137e-01	1.954508e-01	-7.360881e-02	1.586464e-01	-2.322552e-01
185           	3.319690e-01	-3.774920e-01	7.094610e-01	8.230745e-01	1.112793e-01	7.117952e-01	-3.002580e-01	-5.434765e-01	1.944116e-01	-7.379027e-02	1.575165e-01	-2.313068e-01
186           	3.324480e-01	-3.750223e-01	7.074702e-01	8.239363e-01	1.102737e-01	7.136626e-01	-3.016945e-01	-5.412463e-01	1.931842e-01	-7.390820e-02	1.562301e-01	-2.301383e-01
187           	3.323011e-01	-3.728686e-01	7.051698e-01	8.237697e-01	1.091252e-01	7.146445e-01	-3.027597e-01	-5.390192e-01	1.918911e-01	-7.393796e-02	1.549222e-01	-2.288601e-01
188           	3.315368e-01	-3.713895e-01	7.029263e-01	8.225078e-01	1.078478e-01	7.146600e-01	-3.034061e-01	-5.371579e-01	1.907675e-01	-7.386069e-02	1.538371e-01	-2.276978e-01
189           	3.300321e-01	-3.709583e-01	7.009904e-01	8.198968e-01	1.065990e-01	7.132978e-01	-3.033494e-01	-5.359743e-01	1.900218e-01	-7.363773e-02	1.532029e-01	-2.268407e-01
190           	3.277756e-01	-3.717302e-01	6.995059e-01	8.159946e-01	1.056764e-01	7.103182e-01	-3.023209e-01	-5.356180e-01	1.897254e-01	-7.327549e-02	1.530877e-01	-2.263632e-01
191           	3.250186e-01	-3.735642e-01	6.985828e-01	8.111843e-01	1.051444e-01	7.060400e-01	-3.004478e-01	-5.360735e-01	1.898516e-01	-7.284009e-02	1.534316e-01	-2.262717e-01
192           	3.220752e-01	-3.762338e-01	6.983090e-01	8.060959e-01	1.052030e-01	7.008929e-01	-2.978450e-01	-5.372714e-01	1.903675e-01	-7.239882e-02	1.541681e-01	-2.265669e-01
193           	3.192848e-01	-3.794434e-01	6.987282e-01	8.013982e-01	1.059277e-01	6.954705e-01	-2.947714e-01	-5.390858e-01	1.912284e-01	-7.199884e-02	1.552290e-01	-2.272278e-01
194           	3.170025e-01	-3.829487e-01	6.999511e-01	7.977387e-01	1.071845e-01	6.905542e-01	-2.916849e-01	-5.414499e-01	1.923999e-01	-7.168215e-02	1.565588e-01	-2.282410e-01
195           	3.159335e-01	-3.865848e-01	7.025183e-01	7.964203e-01	1.086150e-01	6.878053e-01	-2.895951e-01	-5.445515e-01	1.939079e-01	-7.157214e-02	1.581219e-01	-2.296940e-01
196           	3.160151e-01	-3.899549e-01	7.059700e-01	7.973210e-01	1.100219e-01	6.872991e-01	-2.886386e-01	-5.479625e-01	1.955329e-01	-7.163917e-02	1.597133e-01	-2.313525e-01
197           	3.167718e-01	-3.927386e-01	7.095104e-01	7.995789e-01	1.114664e-01	6.881125e-01	-2.883230e-01	-5.511245e-01	1.970552e-01	-7.177495e-02	1.611678e-01	-2.329427e-01
198           	3.179854e-01	-3.946949e-01	7.126803e-01	8.025655e-01	1.126658e-01	6.898997e-01	-2.886170e-01	-5.536876e-01	1.983149e-01	-7.194702e-02	1.623414e-01	-2.342884e-01
199           	3.194490e-01	-3.957796e-01	7.152286e-01	8.057112e-01	1.135175e-01	6.921937e-01	-2.893381e-01	-5.555041e-01	1.992686e-01	-7.212353e-02	1.632068e-01	-2.353303e-01
200           	3.210135e-01	-3.959122e-01	7.169257e-01	8.085967e-01	1.140239e-01	6.945728e-01	-2.902744e-01	-5.564189e-01	1.998404e-01	-7.230801e-02	1.636864e-01	-2.359944e-01
