# Force and moment coefficients
# dragDir     : (9.612618e-01 2.756369e-01 0.000000e+00)
# sideDir     : (0.000000e+00 0.000000e+00 -1.000000e+00)
# liftDir     : (-2.756369e-01 9.612618e-01 0.000000e+00)
# rollAxis    : (9.612618e-01 2.756369e-01 0.000000e+00)
# pitchAxis   : (0.000000e+00 0.000000e+00 -1.000000e+00)
# yawAxis     : (-2.756369e-01 9.612618e-01 0.000000e+00)
# magUInf     : 7.000000e+00
# lRef        : 7.971260e-02
# Aref        : 9.565510e-03
# CofR        : (1.992810e-02 0.000000e+00 0.000000e+00)
#
# Time        	Cd            	Cd(f)         	Cd(r)         	Cl            	Cl(f)         	Cl(r)         	CmPitch       	CmRoll        	CmYaw         	Cs            	Cs(f)         	Cs(r)         
1             	9.254071e-01	-9.747866e-01	1.900194e+00	2.406916e+00	-1.411673e-02	2.421033e+00	-1.217575e+00	-1.437490e+00	5.226069e-01	-3.080184e-02	5.072060e-01	-5.380079e-01
2             	5.283334e-01	-6.422615e-01	1.170595e+00	1.478916e+00	1.835466e-01	1.295370e+00	-5.559116e-01	-9.064282e-01	3.040424e-01	-3.571718e-02	2.861839e-01	-3.219010e-01
3             	3.531877e-01	-5.384902e-01	8.916780e-01	1.146812e+00	2.623896e-01	8.844225e-01	-3.110165e-01	-7.150841e-01	2.047040e-01	-4.555258e-02	1.819277e-01	-2.274802e-01
4             	2.828807e-01	-5.244460e-01	8.073267e-01	1.061265e+00	2.826503e-01	7.786149e-01	-2.479823e-01	-6.658864e-01	1.629669e-01	-5.490449e-02	1.355146e-01	-1.904191e-01
5             	2.454516e-01	-5.323188e-01	7.777704e-01	1.038041e+00	2.953630e-01	7.426780e-01	-2.236575e-01	-6.550446e-01	1.400684e-01	-6.346407e-02	1.083363e-01	-1.718004e-01
6             	2.233643e-01	-5.463923e-01	7.697565e-01	1.038112e+00	3.043292e-01	7.337831e-01	-2.147270e-01	-6.580744e-01	1.259356e-01	-7.087500e-02	9.049815e-02	-1.613731e-01
7             	2.086718e-01	-5.594217e-01	7.680935e-01	1.042775e+00	3.100485e-01	7.327270e-01	-2.113393e-01	-6.637576e-01	1.161639e-01	-7.695047e-02	7.768865e-02	-1.546391e-01
8             	1.984610e-01	-5.696379e-01	7.680989e-01	1.047572e+00	3.143046e-01	7.332670e-01	-2.094812e-01	-6.688684e-01	1.092258e-01	-8.164302e-02	6.840431e-02	-1.500473e-01
9             	1.912303e-01	-5.777977e-01	7.690280e-01	1.051673e+00	3.178073e-01	7.338655e-01	-2.080291e-01	-6.734128e-01	1.044288e-01	-8.519618e-02	6.183067e-02	-1.470268e-01
10            	1.860019e-01	-5.846505e-01	7.706523e-01	1.055378e+00	3.210222e-01	7.343553e-01	-2.066665e-01	-6.776514e-01	1.011477e-01	-8.795797e-02	5.716869e-02	-1.451267e-01
11            	1.825313e-01	-5.903303e-01	7.728616e-01	1.058905e+00	3.237967e-01	7.351079e-01	-2.056556e-01	-6.815960e-01	9.908712e-02	-9.003212e-02	5.407106e-02	-1.441032e-01
12            	1.803339e-01	-5.950827e-01	7.754166e-01	1.062234e+00	3.262220e-01	7.360124e-01	-2.048952e-01	-6.852496e-01	9.792219e-02	-9.155387e-02	5.214525e-02	-1.436991e-01
13            	1.789949e-01	-5.991522e-01	7.781471e-01	1.065268e+00	3.282584e-01	7.370099e-01	-2.043758e-01	-6.886497e-01	9.736344e-02	-9.270521e-02	5.101083e-02	-1.437160e-01
14            	1.783428e-01	-6.029230e-01	7.812658e-01	1.068495e+00	3.300059e-01	7.384893e-01	-2.042417e-01	-6.920944e-01	9.725603e-02	-9.362541e-02	5.044333e-02	-1.440687e-01
15            	1.782896e-01	-6.061893e-01	7.844789e-01	1.071770e+00	3.313639e-01	7.404062e-01	-2.045212e-01	-6.953341e-01	9.753121e-02	-9.431606e-02	5.037318e-02	-1.446892e-01
16            	1.787473e-01	-6.090318e-01	7.877792e-01	1.075192e+00	3.323267e-01	7.428652e-01	-2.052693e-01	-6.984055e-01	9.813533e-02	-9.482692e-02	5.072187e-02	-1.455488e-01
17            	1.796356e-01	-6.116221e-01	7.912577e-01	1.078907e+00	3.329597e-01	7.459475e-01	-2.064939e-01	-7.014399e-01	9.904019e-02	-9.517517e-02	5.145260e-02	-1.466278e-01
18            	1.807901e-01	-6.140031e-01	7.947933e-01	1.082762e+00	3.333493e-01	7.494130e-01	-2.080318e-01	-7.043982e-01	1.001304e-01	-9.540554e-02	5.242766e-02	-1.478332e-01
19            	1.821093e-01	-6.162109e-01	7.983202e-01	1.086639e+00	3.335281e-01	7.531108e-01	-2.097914e-01	-7.072656e-01	1.013263e-01	-9.555417e-02	5.354921e-02	-1.491034e-01
20            	1.834737e-01	-6.181291e-01	8.016028e-01	1.090261e+00	3.335105e-01	7.567508e-01	-2.116202e-01	-7.098659e-01	1.025493e-01	-9.561778e-02	5.474043e-02	-1.503582e-01
21            	1.848272e-01	-6.197453e-01	8.045724e-01	1.093520e+00	3.333542e-01	7.601656e-01	-2.134057e-01	-7.121589e-01	1.037745e-01	-9.559626e-02	5.597638e-02	-1.515726e-01
22            	1.860954e-01	-6.209799e-01	8.070753e-01	1.096281e+00	3.330777e-01	7.632033e-01	-2.150628e-01	-7.140276e-01	1.049272e-01	-9.549619e-02	5.717910e-02	-1.526753e-01
23            	1.872350e-01	-6.217863e-01	8.090213e-01	1.098436e+00	3.326671e-01	7.657689e-01	-2.165509e-01	-7.154038e-01	1.059675e-01	-9.532081e-02	5.830706e-02	-1.536279e-01
24            	1.882807e-01	-6.222682e-01	8.105488e-01	1.100113e+00	3.321350e-01	7.679781e-01	-2.179216e-01	-7.164085e-01	1.069263e-01	-9.507854e-02	5.938707e-02	-1.544656e-01
25            	1.891920e-01	-6.224618e-01	8.116538e-01	1.101288e+00	3.315573e-01	7.697305e-01	-2.190866e-01	-7.170578e-01	1.077826e-01	-9.477747e-02	6.039383e-02	-1.551713e-01
26            	1.899649e-01	-6.224242e-01	8.123891e-01	1.101995e+00	3.309718e-01	7.710234e-01	-2.200258e-01	-7.174066e-01	1.085411e-01	-9.442588e-02	6.132821e-02	-1.557541e-01
27            	1.906435e-01	-6.222538e-01	8.128973e-01	1.102348e+00	3.303533e-01	7.719949e-01	-2.208208e-01	-7.175756e-01	1.092428e-01	-9.404099e-02	6.222235e-02	-1.562633e-01
28            	1.912501e-01	-6.219868e-01	8.132370e-01	1.102433e+00	3.297203e-01	7.727123e-01	-2.214960e-01	-7.176119e-01	1.099029e-01	-9.362273e-02	6.309157e-02	-1.567143e-01
29            	1.918258e-01	-6.217243e-01	8.135501e-01	1.102399e+00	3.290874e-01	7.733116e-01	-2.221121e-01	-7.176372e-01	1.105539e-01	-9.318588e-02	6.396094e-02	-1.571468e-01
30            	1.923701e-01	-6.214438e-01	8.138140e-01	1.102263e+00	3.284559e-01	7.738069e-01	-2.226755e-01	-7.176289e-01	1.111885e-01	-9.273418e-02	6.482145e-02	-1.575556e-01
31            	1.929016e-01	-6.211484e-01	8.140500e-01	1.102066e+00	3.278230e-01	7.742435e-01	-2.232103e-01	-7.175992e-01	1.118169e-01	-9.226675e-02	6.568350e-02	-1.579503e-01
32            	1.934360e-01	-6.208228e-01	8.142587e-01	1.101845e+00	3.271838e-01	7.746614e-01	-2.237388e-01	-7.175408e-01	1.124360e-01	-9.179755e-02	6.653726e-02	-1.583348e-01
33            	1.939622e-01	-6.203800e-01	8.143422e-01	1.101557e+00	3.265227e-01	7.750343e-01	-2.242558e-01	-7.173611e-01	1.130159e-01	-9.132718e-02	6.735233e-02	-1.586795e-01
34            	1.945042e-01	-6.197855e-01	8.142897e-01	1.101274e+00	3.258444e-01	7.754300e-01	-2.247928e-01	-7.170376e-01	1.135497e-01	-9.085901e-02	6.812022e-02	-1.589792e-01
35            	1.950833e-01	-6.190390e-01	8.141222e-01	1.101036e+00	3.251430e-01	7.758927e-01	-2.253748e-01	-7.165806e-01	1.140402e-01	-9.040837e-02	6.883603e-02	-1.592444e-01
36            	1.955737e-01	-6.178692e-01	8.134429e-01	1.100461e+00	3.243794e-01	7.760818e-01	-2.258512e-01	-7.156561e-01	1.143801e-01	-8.994622e-02	6.940699e-02	-1.593532e-01
37            	1.960475e-01	-6.164496e-01	8.124971e-01	1.099773e+00	3.235867e-01	7.761865e-01	-2.262999e-01	-7.144734e-01	1.146262e-01	-8.950936e-02	6.987148e-02	-1.593808e-01
38            	1.964919e-01	-6.148129e-01	8.113048e-01	1.098945e+00	3.227543e-01	7.761910e-01	-2.267183e-01	-7.130588e-01	1.147769e-01	-8.910690e-02	7.022349e-02	-1.593304e-01
39            	1.969001e-01	-6.130267e-01	8.099267e-01	1.097996e+00	3.218801e-01	7.761160e-01	-2.271180e-01	-7.114767e-01	1.148375e-01	-8.873567e-02	7.046971e-02	-1.592054e-01
40            	1.972328e-01	-6.110335e-01	8.082663e-01	1.096818e+00	3.209525e-01	7.758657e-01	-2.274566e-01	-7.096499e-01	1.147818e-01	-8.837678e-02	7.059341e-02	-1.589702e-01
41            	1.974803e-01	-6.088263e-01	8.063065e-01	1.095354e+00	3.199454e-01	7.754084e-01	-2.277315e-01	-7.075664e-01	1.146201e-01	-8.800908e-02	7.061561e-02	-1.586247e-01
42            	1.976929e-01	-6.064906e-01	8.041835e-01	1.093700e+00	3.188563e-01	7.748435e-01	-2.279936e-01	-7.053371e-01	1.144116e-01	-8.762258e-02	7.060026e-02	-1.582228e-01
43            	1.978994e-01	-6.041014e-01	8.020007e-01	1.091935e+00	3.176938e-01	7.742407e-01	-2.282735e-01	-7.030511e-01	1.141981e-01	-8.720435e-02	7.059595e-02	-1.578003e-01
44            	1.981760e-01	-6.018418e-01	8.000177e-01	1.090235e+00	3.164335e-01	7.738014e-01	-2.286839e-01	-7.009297e-01	1.140588e-01	-8.677790e-02	7.066981e-02	-1.574477e-01
45            	1.985359e-01	-5.997538e-01	7.982897e-01	1.088670e+00	3.150742e-01	7.735954e-01	-2.292606e-01	-6.990218e-01	1.139951e-01	-8.634888e-02	7.082070e-02	-1.571696e-01
46            	1.990500e-01	-5.979656e-01	7.970156e-01	1.087418e+00	3.135974e-01	7.738203e-01	-2.301115e-01	-6.974906e-01	1.140614e-01	-8.593689e-02	7.109291e-02	-1.570298e-01
47            	1.997058e-01	-5.964501e-01	7.961559e-01	1.086453e+00	3.120022e-01	7.744510e-01	-2.312244e-01	-6.963030e-01	1.142350e-01	-8.555345e-02	7.145823e-02	-1.570117e-01
48            	2.004998e-01	-5.951767e-01	7.956766e-01	1.085827e+00	3.103464e-01	7.754804e-01	-2.325670e-01	-6.954267e-01	1.144908e-01	-8.520728e-02	7.188717e-02	-1.570945e-01
49            	2.013578e-01	-5.940668e-01	7.954246e-01	1.085392e+00	3.086495e-01	7.767428e-01	-2.340467e-01	-6.947457e-01	1.147767e-01	-8.490496e-02	7.232424e-02	-1.572292e-01
50            	2.022482e-01	-5.930473e-01	7.952955e-01	1.085047e+00	3.069045e-01	7.781429e-01	-2.356192e-01	-6.941714e-01	1.150745e-01	-8.463930e-02	7.275488e-02	-1.573942e-01
51            	2.031374e-01	-5.920669e-01	7.952043e-01	1.084686e+00	3.051077e-01	7.795784e-01	-2.372353e-01	-6.936356e-01	1.153698e-01	-8.440281e-02	7.316838e-02	-1.575712e-01
52            	2.039965e-01	-5.910735e-01	7.950700e-01	1.084200e+00	3.032481e-01	7.809520e-01	-2.388520e-01	-6.930718e-01	1.156499e-01	-8.418718e-02	7.355633e-02	-1.577435e-01
53            	2.048163e-01	-5.899881e-01	7.948044e-01	1.083535e+00	3.013326e-01	7.822029e-01	-2.404352e-01	-6.923962e-01	1.158995e-01	-8.397815e-02	7.391045e-02	-1.578886e-01
54            	2.055674e-01	-5.888579e-01	7.944253e-01	1.082569e+00	2.993383e-01	7.832311e-01	-2.419464e-01	-6.916416e-01	1.161373e-01	-8.378159e-02	7.424654e-02	-1.580281e-01
55            	2.062881e-01	-5.876798e-01	7.939678e-01	1.081372e+00	2.972769e-01	7.840948e-01	-2.434089e-01	-6.908238e-01	1.163669e-01	-8.359897e-02	7.456741e-02	-1.581664e-01
56            	2.069485e-01	-5.863134e-01	7.932619e-01	1.079833e+00	2.951430e-01	7.846898e-01	-2.447734e-01	-6.897877e-01	1.165279e-01	-8.341951e-02	7.481819e-02	-1.582377e-01
57            	2.075995e-01	-5.848899e-01	7.924893e-01	1.078041e+00	2.929191e-01	7.851222e-01	-2.461015e-01	-6.886896e-01	1.166859e-01	-8.325004e-02	7.506092e-02	-1.583110e-01
58            	2.083110e-01	-5.834501e-01	7.917611e-01	1.076150e+00	2.905814e-01	7.855688e-01	-2.474937e-01	-6.876056e-01	1.168709e-01	-8.309074e-02	7.532555e-02	-1.584163e-01
59            	2.091211e-01	-5.820631e-01	7.911842e-01	1.074217e+00	2.880958e-01	7.861211e-01	-2.490127e-01	-6.866237e-01	1.171254e-01	-8.294170e-02	7.565451e-02	-1.585962e-01
60            	2.100780e-01	-5.807811e-01	7.908591e-01	1.072374e+00	2.854761e-01	7.868974e-01	-2.507107e-01	-6.858201e-01	1.174803e-01	-8.280132e-02	7.607966e-02	-1.588810e-01
61            	2.111954e-01	-5.795810e-01	7.907764e-01	1.070648e+00	2.827114e-01	7.879361e-01	-2.526124e-01	-6.851787e-01	1.179374e-01	-8.265975e-02	7.660753e-02	-1.592673e-01
62            	2.124073e-01	-5.784571e-01	7.908644e-01	1.068884e+00	2.797911e-01	7.890930e-01	-2.546510e-01	-6.846607e-01	1.184710e-01	-8.252017e-02	7.721092e-02	-1.597311e-01
63            	2.137110e-01	-5.774013e-01	7.911123e-01	1.067076e+00	2.767020e-01	7.903737e-01	-2.568358e-01	-6.842568e-01	1.190751e-01	-8.238552e-02	7.788235e-02	-1.602679e-01
64            	2.151236e-01	-5.764005e-01	7.915241e-01	1.065324e+00	2.735070e-01	7.918166e-01	-2.591548e-01	-6.839623e-01	1.197442e-01	-8.224964e-02	7.861934e-02	-1.608690e-01
65            	2.165843e-01	-5.754451e-01	7.920294e-01	1.063508e+00	2.702064e-01	7.933013e-01	-2.615474e-01	-6.837372e-01	1.204606e-01	-8.210835e-02	7.940644e-02	-1.615148e-01
66            	2.180052e-01	-5.744386e-01	7.924439e-01	1.061352e+00	2.667455e-01	7.946070e-01	-2.639307e-01	-6.834413e-01	1.211882e-01	-8.194532e-02	8.021553e-02	-1.621609e-01
67            	2.193397e-01	-5.732807e-01	7.926204e-01	1.058700e+00	2.631091e-01	7.955905e-01	-2.662407e-01	-6.829506e-01	1.218951e-01	-8.174774e-02	8.102128e-02	-1.627690e-01
68            	2.205113e-01	-5.718752e-01	7.923865e-01	1.055394e+00	2.593505e-01	7.960436e-01	-2.683466e-01	-6.821309e-01	1.225413e-01	-8.149945e-02	8.179156e-02	-1.632910e-01
69            	2.213968e-01	-5.701407e-01	7.915375e-01	1.051074e+00	2.554368e-01	7.956375e-01	-2.701004e-01	-6.808391e-01	1.230881e-01	-8.119537e-02	8.249045e-02	-1.636858e-01
70            	2.220427e-01	-5.679434e-01	7.899862e-01	1.045837e+00	2.513704e-01	7.944671e-01	-2.715483e-01	-6.789648e-01	1.235084e-01	-8.082788e-02	8.309445e-02	-1.639223e-01
71            	2.224022e-01	-5.650977e-01	7.874999e-01	1.039624e+00	2.471878e-01	7.924359e-01	-2.726241e-01	-6.762988e-01	1.237371e-01	-8.037568e-02	8.354923e-02	-1.639249e-01
72            	2.225323e-01	-5.618159e-01	7.843482e-01	1.032637e+00	2.429180e-01	7.897191e-01	-2.734006e-01	-6.730821e-01	1.238494e-01	-7.987007e-02	8.391432e-02	-1.637844e-01
73            	2.225563e-01	-5.579147e-01	7.804710e-01	1.025224e+00	2.386026e-01	7.866217e-01	-2.740095e-01	-6.691929e-01	1.238089e-01	-7.929203e-02	8.416286e-02	-1.634549e-01
74            	2.222174e-01	-5.536574e-01	7.758749e-01	1.016831e+00	2.343468e-01	7.824844e-01	-2.740688e-01	-6.647662e-01	1.236396e-01	-7.867344e-02	8.430289e-02	-1.629763e-01
75            	2.217723e-01	-5.488783e-01	7.706506e-01	1.008123e+00	2.301677e-01	7.779549e-01	-2.738936e-01	-6.597644e-01	1.233257e-01	-7.800624e-02	8.432255e-02	-1.623288e-01
76            	2.214009e-01	-5.439450e-01	7.653459e-01	9.996213e-01	2.261457e-01	7.734756e-01	-2.736650e-01	-6.546455e-01	1.230164e-01	-7.732554e-02	8.435368e-02	-1.616792e-01
77            	2.208077e-01	-5.387314e-01	7.595390e-01	9.908139e-01	2.225566e-01	7.682573e-01	-2.728504e-01	-6.491352e-01	1.225763e-01	-7.661700e-02	8.426776e-02	-1.608848e-01
78            	2.197652e-01	-5.331906e-01	7.529558e-01	9.812403e-01	2.195214e-01	7.617188e-01	-2.710987e-01	-6.430732e-01	1.219233e-01	-7.587647e-02	8.398511e-02	-1.598616e-01
79            	2.183283e-01	-5.272982e-01	7.456264e-01	9.710963e-01	2.170605e-01	7.540358e-01	-2.684876e-01	-6.364623e-01	1.210406e-01	-7.510594e-02	8.348765e-02	-1.585936e-01
80            	2.163497e-01	-5.211447e-01	7.374944e-01	9.600863e-01	2.152947e-01	7.447917e-01	-2.647485e-01	-6.293195e-01	1.199241e-01	-7.430389e-02	8.277217e-02	-1.570761e-01
81            	2.135526e-01	-5.146853e-01	7.282379e-01	9.475330e-01	2.142496e-01	7.332834e-01	-2.595169e-01	-6.214616e-01	1.184998e-01	-7.345858e-02	8.177053e-02	-1.552291e-01
82            	2.101675e-01	-5.080309e-01	7.181984e-01	9.342147e-01	2.139807e-01	7.202339e-01	-2.531266e-01	-6.131146e-01	1.168087e-01	-7.257687e-02	8.052024e-02	-1.530971e-01
83            	2.062106e-01	-5.011042e-01	7.073148e-01	9.202541e-01	2.144952e-01	7.057589e-01	-2.456319e-01	-6.042095e-01	1.147996e-01	-7.165984e-02	7.896970e-02	-1.506295e-01
84            	2.018775e-01	-4.940306e-01	6.959081e-01	9.062652e-01	2.157644e-01	6.905008e-01	-2.373682e-01	-5.949694e-01	1.125318e-01	-7.071404e-02	7.717482e-02	-1.478889e-01
85            	1.974933e-01	-4.869999e-01	6.844933e-01	8.931793e-01	2.177177e-01	6.754615e-01	-2.288719e-01	-5.857466e-01	1.101126e-01	-6.975292e-02	7.523613e-02	-1.449890e-01
86            	1.930807e-01	-4.802815e-01	6.733622e-01	8.813108e-01	2.204632e-01	6.608476e-01	-2.201922e-01	-5.768218e-01	1.076068e-01	-6.879467e-02	7.320942e-02	-1.420041e-01
87            	1.891187e-01	-4.743212e-01	6.634400e-01	8.718623e-01	2.237709e-01	6.480914e-01	-2.121602e-01	-5.688806e-01	1.052637e-01	-6.788301e-02	7.132215e-02	-1.392052e-01
88            	1.860868e-01	-4.699404e-01	6.560272e-01	8.659453e-01	2.273069e-01	6.386385e-01	-2.056658e-01	-5.629838e-01	1.034465e-01	-6.713446e-02	6.987929e-02	-1.370137e-01
89            	1.844682e-01	-4.670446e-01	6.515127e-01	8.651936e-01	2.313303e-01	6.338633e-01	-2.012665e-01	-5.592786e-01	1.021577e-01	-6.651831e-02	6.889858e-02	-1.354169e-01
90            	1.835056e-01	-4.660830e-01	6.495886e-01	8.675706e-01	2.356153e-01	6.319553e-01	-1.981700e-01	-5.578358e-01	1.014007e-01	-6.608447e-02	6.835847e-02	-1.344429e-01
91            	1.838489e-01	-4.672243e-01	6.510732e-01	8.745395e-01	2.398640e-01	6.346755e-01	-1.974058e-01	-5.591487e-01	1.013621e-01	-6.586158e-02	6.843134e-02	-1.342929e-01
92            	1.853839e-01	-4.701081e-01	6.554920e-01	8.853270e-01	2.437310e-01	6.415960e-01	-1.989325e-01	-5.628001e-01	1.019325e-01	-6.584733e-02	6.900886e-02	-1.348562e-01
93            	1.878462e-01	-4.744016e-01	6.622478e-01	8.988589e-01	2.470465e-01	6.518125e-01	-2.023830e-01	-5.683247e-01	1.029967e-01	-6.604113e-02	6.997613e-02	-1.360173e-01
94            	1.910704e-01	-4.796189e-01	6.706893e-01	9.142436e-01	2.495822e-01	6.646614e-01	-2.075396e-01	-5.751541e-01	1.044220e-01	-6.643243e-02	7.120580e-02	-1.376382e-01
95            	1.946235e-01	-4.853397e-01	6.799633e-01	9.301628e-01	2.514873e-01	6.786755e-01	-2.135941e-01	-5.826515e-01	1.060233e-01	-6.698669e-02	7.252996e-02	-1.395167e-01
96            	1.979238e-01	-4.911585e-01	6.890823e-01	9.449504e-01	2.529396e-01	6.920108e-01	-2.195356e-01	-5.901204e-01	1.075888e-01	-6.766687e-02	7.375532e-02	-1.414222e-01
97            	2.006190e-01	-4.967528e-01	6.973718e-01	9.577025e-01	2.541626e-01	7.035399e-01	-2.246886e-01	-5.970623e-01	1.089630e-01	-6.841423e-02	7.475590e-02	-1.431701e-01
98            	2.025591e-01	-5.019802e-01	7.045393e-01	9.681076e-01	2.552624e-01	7.128453e-01	-2.287914e-01	-6.032597e-01	1.100736e-01	-6.918926e-02	7.547896e-02	-1.446682e-01
99            	2.038710e-01	-5.068142e-01	7.106851e-01	9.764628e-01	2.561923e-01	7.202705e-01	-2.320391e-01	-6.087496e-01	1.109567e-01	-6.996434e-02	7.597452e-02	-1.459389e-01
100           	2.047137e-01	-5.112627e-01	7.159763e-01	9.831522e-01	2.569135e-01	7.262387e-01	-2.346626e-01	-6.136195e-01	1.116585e-01	-7.072519e-02	7.629592e-02	-1.470211e-01
101           	2.051938e-01	-5.152417e-01	7.204355e-01	9.884379e-01	2.574963e-01	7.309416e-01	-2.367226e-01	-6.178386e-01	1.121877e-01	-7.145002e-02	7.646269e-02	-1.479127e-01
102           	2.052901e-01	-5.186724e-01	7.239625e-01	9.921957e-01	2.579891e-01	7.342066e-01	-2.381087e-01	-6.213175e-01	1.125309e-01	-7.213071e-02	7.646554e-02	-1.485963e-01
103           	2.049476e-01	-5.214454e-01	7.263930e-01	9.942362e-01	2.584250e-01	7.358112e-01	-2.386931e-01	-6.239192e-01	1.126578e-01	-7.275034e-02	7.628263e-02	-1.490330e-01
104           	2.041663e-01	-5.234520e-01	7.276184e-01	9.944510e-01	2.587794e-01	7.356717e-01	-2.384462e-01	-6.255352e-01	1.125597e-01	-7.328943e-02	7.591496e-02	-1.492044e-01
105           	2.028750e-01	-5.246677e-01	7.275427e-01	9.925872e-01	2.590194e-01	7.335677e-01	-2.372742e-01	-6.261052e-01	1.122373e-01	-7.373309e-02	7.537080e-02	-1.491039e-01
106           	2.012215e-01	-5.250935e-01	7.263149e-01	9.888986e-01	2.590357e-01	7.298629e-01	-2.354136e-01	-6.257042e-01	1.117463e-01	-7.406947e-02	7.471161e-02	-1.487811e-01
107           	1.994227e-01	-5.248047e-01	7.242274e-01	9.838809e-01	2.587390e-01	7.251419e-01	-2.332015e-01	-6.245161e-01	1.111731e-01	-7.429324e-02	7.402647e-02	-1.483197e-01
108           	1.977223e-01	-5.239913e-01	7.217136e-01	9.781989e-01	2.580908e-01	7.201081e-01	-2.310087e-01	-6.228525e-01	1.106314e-01	-7.441345e-02	7.342471e-02	-1.478382e-01
109           	1.961333e-01	-5.227445e-01	7.188779e-01	9.720129e-01	2.571422e-01	7.148706e-01	-2.288642e-01	-6.208112e-01	1.101447e-01	-7.442897e-02	7.293023e-02	-1.473592e-01
110           	1.947714e-01	-5.211727e-01	7.159441e-01	9.657879e-01	2.559478e-01	7.098401e-01	-2.269461e-01	-6.185584e-01	1.097481e-01	-7.434849e-02	7.257386e-02	-1.469224e-01
111           	1.938664e-01	-5.194229e-01	7.132893e-01	9.602491e-01	2.545021e-01	7.057470e-01	-2.256224e-01	-6.163561e-01	1.095100e-01	-7.418809e-02	7.241600e-02	-1.466041e-01
112           	1.934399e-01	-5.176028e-01	7.110427e-01	9.556433e-01	2.528541e-01	7.027892e-01	-2.249675e-01	-6.143227e-01	1.094328e-01	-7.396660e-02	7.244946e-02	-1.464161e-01
113           	1.935172e-01	-5.158074e-01	7.093246e-01	9.521895e-01	2.510350e-01	7.011546e-01	-2.250598e-01	-6.125660e-01	1.095194e-01	-7.370473e-02	7.266705e-02	-1.463718e-01
114           	1.941397e-01	-5.141641e-01	7.083038e-01	9.501322e-01	2.490731e-01	7.010591e-01	-2.259930e-01	-6.112340e-01	1.097902e-01	-7.342627e-02	7.307705e-02	-1.465033e-01
115           	1.952360e-01	-5.126743e-01	7.079103e-01	9.493919e-01	2.470107e-01	7.023812e-01	-2.276853e-01	-6.102923e-01	1.102037e-01	-7.314649e-02	7.363046e-02	-1.467770e-01
116           	1.966880e-01	-5.113170e-01	7.080050e-01	9.497305e-01	2.449053e-01	7.048252e-01	-2.299600e-01	-6.096610e-01	1.107064e-01	-7.287852e-02	7.426710e-02	-1.471456e-01
117           	1.983242e-01	-5.100210e-01	7.083452e-01	9.507090e-01	2.427886e-01	7.079204e-01	-2.325659e-01	-6.091831e-01	1.112294e-01	-7.263013e-02	7.491433e-02	-1.475445e-01
118           	1.999642e-01	-5.087352e-01	7.086995e-01	9.518450e-01	2.406822e-01	7.111628e-01	-2.352403e-01	-6.087174e-01	1.117120e-01	-7.240690e-02	7.550859e-02	-1.479155e-01
119           	2.013932e-01	-5.073681e-01	7.087613e-01	9.525457e-01	2.386124e-01	7.139333e-01	-2.376604e-01	-6.080647e-01	1.120803e-01	-7.219965e-02	7.598049e-02	-1.481801e-01
120           	2.025351e-01	-5.059247e-01	7.084599e-01	9.525532e-01	2.365706e-01	7.159825e-01	-2.397059e-01	-6.071923e-01	1.123221e-01	-7.201323e-02	7.631551e-02	-1.483287e-01
121           	2.033461e-01	-5.043467e-01	7.076927e-01	9.516448e-01	2.345366e-01	7.171082e-01	-2.412858e-01	-6.060197e-01	1.124204e-01	-7.184239e-02	7.649921e-02	-1.483416e-01
122           	2.037562e-01	-5.026277e-01	7.063839e-01	9.495506e-01	2.325008e-01	7.170499e-01	-2.422746e-01	-6.045058e-01	1.123729e-01	-7.168417e-02	7.653083e-02	-1.482150e-01
123           	2.037624e-01	-5.007784e-01	7.045409e-01	9.461963e-01	2.304800e-01	7.157163e-01	-2.426181e-01	-6.026596e-01	1.121992e-01	-7.153228e-02	7.643306e-02	-1.479653e-01
124           	2.032950e-01	-4.987923e-01	7.020873e-01	9.413835e-01	2.285058e-01	7.128777e-01	-2.421860e-01	-6.004398e-01	1.118953e-01	-7.137889e-02	7.620590e-02	-1.475848e-01
125           	2.024010e-01	-4.967156e-01	6.991167e-01	9.352092e-01	2.265721e-01	7.086371e-01	-2.410325e-01	-5.979161e-01	1.115014e-01	-7.122164e-02	7.589057e-02	-1.471122e-01
126           	2.010764e-01	-4.945181e-01	6.955945e-01	9.276736e-01	2.247127e-01	7.029609e-01	-2.391241e-01	-5.950563e-01	1.110148e-01	-7.104804e-02	7.549083e-02	-1.465389e-01
127           	1.992782e-01	-4.921846e-01	6.914628e-01	9.187201e-01	2.230061e-01	6.957140e-01	-2.363539e-01	-5.918237e-01	1.104244e-01	-7.084703e-02	7.500090e-02	-1.458479e-01
128           	1.967233e-01	-4.896036e-01	6.863269e-01	9.075023e-01	2.214497e-01	6.860526e-01	-2.323014e-01	-5.879652e-01	1.096710e-01	-7.059926e-02	7.437134e-02	-1.449706e-01
129           	1.940900e-01	-4.868867e-01	6.809768e-01	8.960030e-01	2.199853e-01	6.760178e-01	-2.280163e-01	-5.839318e-01	1.088858e-01	-7.031114e-02	7.373024e-02	-1.440414e-01
130           	1.913083e-01	-4.839669e-01	6.752752e-01	8.838714e-01	2.185134e-01	6.653580e-01	-2.234223e-01	-5.796210e-01	1.080760e-01	-6.997026e-02	7.309089e-02	-1.430612e-01
131           	1.887271e-01	-4.809177e-01	6.696448e-01	8.720151e-01	2.169105e-01	6.551046e-01	-2.190970e-01	-5.752813e-01	1.073351e-01	-6.958370e-02	7.254322e-02	-1.421269e-01
132           	1.866774e-01	-4.778423e-01	6.645197e-01	8.613759e-01	2.151177e-01	6.462582e-01	-2.155702e-01	-5.711810e-01	1.067506e-01	-6.915799e-02	7.217163e-02	-1.413296e-01
133           	1.853087e-01	-4.749073e-01	6.602160e-01	8.525604e-01	2.131649e-01	6.393955e-01	-2.131153e-01	-5.675616e-01	1.063716e-01	-6.871182e-02	7.201570e-02	-1.407275e-01
134           	1.846019e-01	-4.720942e-01	6.566961e-01	8.455523e-01	2.110116e-01	6.345407e-01	-2.117646e-01	-5.643951e-01	1.061698e-01	-6.825273e-02	7.204348e-02	-1.402962e-01
135           	1.846724e-01	-4.695432e-01	6.542156e-01	8.408759e-01	2.087491e-01	6.321268e-01	-2.116888e-01	-5.618794e-01	1.061714e-01	-6.780266e-02	7.227010e-02	-1.400728e-01
136           	1.855087e-01	-4.673091e-01	6.528178e-01	8.386675e-01	2.064930e-01	6.321745e-01	-2.128408e-01	-5.600634e-01	1.063562e-01	-6.737809e-02	7.266713e-02	-1.400452e-01
137           	1.870344e-01	-4.654420e-01	6.524764e-01	8.388798e-01	2.044142e-01	6.344656e-01	-2.150257e-01	-5.589592e-01	1.066897e-01	-6.699542e-02	7.319195e-02	-1.401874e-01
138           	1.888465e-01	-4.638745e-01	6.527210e-01	8.406697e-01	2.027639e-01	6.379059e-01	-2.175710e-01	-5.582978e-01	1.070392e-01	-6.665605e-02	7.371120e-02	-1.403672e-01
139           	1.904800e-01	-4.625022e-01	6.529822e-01	8.428869e-01	2.016271e-01	6.412598e-01	-2.198163e-01	-5.577422e-01	1.072652e-01	-6.636023e-02	7.408506e-02	-1.404453e-01
140           	1.916716e-01	-4.612301e-01	6.529017e-01	8.448322e-01	2.010136e-01	6.438186e-01	-2.214025e-01	-5.570659e-01	1.072763e-01	-6.610922e-02	7.422168e-02	-1.403309e-01
141           	1.923704e-01	-4.600290e-01	6.523994e-01	8.462310e-01	2.008422e-01	6.453888e-01	-2.222733e-01	-5.562142e-01	1.070704e-01	-6.590504e-02	7.411789e-02	-1.400229e-01
142           	1.924580e-01	-4.588557e-01	6.513137e-01	8.466471e-01	2.010536e-01	6.455936e-01	-2.222700e-01	-5.550847e-01	1.066335e-01	-6.574412e-02	7.376149e-02	-1.395056e-01
143           	1.918312e-01	-4.576257e-01	6.494569e-01	8.457014e-01	2.016217e-01	6.440797e-01	-2.212290e-01	-5.535413e-01	1.059420e-01	-6.561575e-02	7.313416e-02	-1.387499e-01
144           	1.903742e-01	-4.562662e-01	6.466404e-01	8.429593e-01	2.025063e-01	6.404530e-01	-2.189734e-01	-5.514533e-01	1.049782e-01	-6.550769e-02	7.222437e-02	-1.377321e-01
145           	1.881654e-01	-4.547657e-01	6.429312e-01	8.384577e-01	2.036254e-01	6.348323e-01	-2.156034e-01	-5.488484e-01	1.037888e-01	-6.541127e-02	7.108321e-02	-1.364945e-01
146           	1.854949e-01	-4.532527e-01	6.387476e-01	8.328016e-01	2.048880e-01	6.279135e-01	-2.115127e-01	-5.460002e-01	1.025066e-01	-6.532915e-02	6.984207e-02	-1.351712e-01
147           	1.824564e-01	-4.518041e-01	6.342605e-01	8.261595e-01	2.062285e-01	6.199310e-01	-2.068512e-01	-5.430323e-01	1.011944e-01	-6.525302e-02	6.856791e-02	-1.338209e-01
148           	1.792016e-01	-4.505765e-01	6.297781e-01	8.189050e-01	2.075915e-01	6.113135e-01	-2.018610e-01	-5.401773e-01	9.994095e-02	-6.518460e-02	6.734865e-02	-1.325333e-01
149           	1.760486e-01	-4.498076e-01	6.258562e-01	8.118734e-01	2.089394e-01	6.029340e-01	-1.969973e-01	-5.378319e-01	9.888757e-02	-6.513407e-02	6.632053e-02	-1.314546e-01
150           	1.733622e-01	-4.497311e-01	6.230933e-01	8.060598e-01	2.102780e-01	5.957818e-01	-1.927519e-01	-5.364122e-01	9.817072e-02	-6.512249e-02	6.560948e-02	-1.307320e-01
151           	1.712336e-01	-4.502899e-01	6.215236e-01	8.017699e-01	2.116186e-01	5.901514e-01	-1.892664e-01	-5.359068e-01	9.776962e-02	-6.514582e-02	6.519671e-02	-1.303425e-01
152           	1.698590e-01	-4.514660e-01	6.213250e-01	7.995769e-01	2.129125e-01	5.866644e-01	-1.868759e-01	-5.363955e-01	9.769597e-02	-6.521056e-02	6.509069e-02	-1.303013e-01
153           	1.693497e-01	-4.531644e-01	6.225141e-01	7.997828e-01	2.140760e-01	5.857068e-01	-1.858154e-01	-5.378393e-01	9.792788e-02	-6.531394e-02	6.527091e-02	-1.305849e-01
154           	1.697683e-01	-4.552136e-01	6.249820e-01	8.026114e-01	2.151832e-01	5.874282e-01	-1.861225e-01	-5.400978e-01	9.840778e-02	-6.544692e-02	6.568432e-02	-1.311312e-01
155           	1.708020e-01	-4.574649e-01	6.282670e-01	8.073529e-01	2.163683e-01	5.909846e-01	-1.873082e-01	-5.428660e-01	9.901003e-02	-6.560417e-02	6.620795e-02	-1.318121e-01
156           	1.723398e-01	-4.597601e-01	6.320999e-01	8.136130e-01	2.176306e-01	5.959824e-01	-1.891759e-01	-5.459300e-01	9.966602e-02	-6.578280e-02	6.677462e-02	-1.325574e-01
157           	1.742598e-01	-4.619925e-01	6.362524e-01	8.210165e-01	2.190038e-01	6.020126e-01	-1.915044e-01	-5.491225e-01	1.003219e-01	-6.597968e-02	6.733205e-02	-1.333117e-01
158           	1.762057e-01	-4.640858e-01	6.402915e-01	8.287035e-01	2.205627e-01	6.081408e-01	-1.937891e-01	-5.521886e-01	1.008806e-01	-6.618595e-02	6.778765e-02	-1.339736e-01
159           	1.781382e-01	-4.661596e-01	6.442978e-01	8.366434e-01	2.222616e-01	6.143818e-01	-1.960601e-01	-5.552287e-01	1.013776e-01	-6.640451e-02	6.817537e-02	-1.345799e-01
160           	1.801515e-01	-4.683111e-01	6.484627e-01	8.450963e-01	2.239741e-01	6.211222e-01	-1.985741e-01	-5.583869e-01	1.018723e-01	-6.663823e-02	6.855323e-02	-1.351915e-01
161           	1.821426e-01	-4.706097e-01	6.527523e-01	8.537490e-01	2.255979e-01	6.281511e-01	-2.012766e-01	-5.616810e-01	1.023823e-01	-6.689579e-02	6.893444e-02	-1.358302e-01
162           	1.843185e-01	-4.730737e-01	6.573922e-01	8.630500e-01	2.270500e-01	6.360000e-01	-2.044750e-01	-5.652329e-01	1.029696e-01	-6.718400e-02	6.937760e-02	-1.365616e-01
163           	1.866894e-01	-4.756669e-01	6.623563e-01	8.729689e-01	2.283316e-01	6.446374e-01	-2.081529e-01	-5.690116e-01	1.036345e-01	-6.750289e-02	6.988306e-02	-1.373860e-01
164           	1.892722e-01	-4.783098e-01	6.675820e-01	8.835178e-01	2.294894e-01	6.540284e-01	-2.122695e-01	-5.729459e-01	1.043555e-01	-6.784797e-02	7.043153e-02	-1.382795e-01
165           	1.917289e-01	-4.808984e-01	6.726273e-01	8.937778e-01	2.306036e-01	6.631743e-01	-2.162853e-01	-5.767628e-01	1.050414e-01	-6.821901e-02	7.093192e-02	-1.391509e-01
166           	1.940177e-01	-4.833338e-01	6.773515e-01	9.036102e-01	2.316802e-01	6.719300e-01	-2.201249e-01	-5.803427e-01	1.056548e-01	-6.860334e-02	7.135312e-02	-1.399565e-01
167           	1.960451e-01	-4.855502e-01	6.815953e-01	9.126829e-01	2.326752e-01	6.800077e-01	-2.236662e-01	-5.835727e-01	1.061696e-01	-6.899259e-02	7.167333e-02	-1.406659e-01
168           	1.976370e-01	-4.874470e-01	6.850839e-01	9.203554e-01	2.334690e-01	6.868864e-01	-2.267087e-01	-5.862654e-01	1.065412e-01	-6.937018e-02	7.185607e-02	-1.412263e-01
169           	1.989008e-01	-4.891030e-01	6.880038e-01	9.268147e-01	2.339884e-01	6.928263e-01	-2.294190e-01	-5.885534e-01	1.068312e-01	-6.973647e-02	7.196296e-02	-1.416994e-01
170           	1.997058e-01	-4.904663e-01	6.901721e-01	9.315348e-01	2.342036e-01	6.973313e-01	-2.315638e-01	-5.903192e-01	1.070183e-01	-7.008306e-02	7.197682e-02	-1.420599e-01
171           	2.001252e-01	-4.915849e-01	6.917101e-01	9.346039e-01	2.341351e-01	7.004687e-01	-2.331668e-01	-5.916475e-01	1.071415e-01	-7.040830e-02	7.193732e-02	-1.423456e-01
172           	2.001731e-01	-4.924904e-01	6.926635e-01	9.360243e-01	2.338396e-01	7.021847e-01	-2.341726e-01	-5.925769e-01	1.072165e-01	-7.070417e-02	7.186445e-02	-1.425686e-01
173           	1.998186e-01	-4.931818e-01	6.930005e-01	9.357675e-01	2.334153e-01	7.023522e-01	-2.344684e-01	-5.930911e-01	1.072289e-01	-7.096309e-02	7.174734e-02	-1.427104e-01
174           	1.990571e-01	-4.936442e-01	6.927013e-01	9.338787e-01	2.329100e-01	7.009687e-01	-2.340293e-01	-5.931728e-01	1.071656e-01	-7.117490e-02	7.157813e-02	-1.427530e-01
175           	1.980249e-01	-4.939240e-01	6.919489e-01	9.307531e-01	2.323382e-01	6.984149e-01	-2.330384e-01	-5.929364e-01	1.070649e-01	-7.133763e-02	7.139608e-02	-1.427337e-01
176           	1.968426e-01	-4.940677e-01	6.909103e-01	9.267700e-01	2.316945e-01	6.950755e-01	-2.316905e-01	-5.924890e-01	1.069590e-01	-7.145290e-02	7.123256e-02	-1.426855e-01
177           	1.954930e-01	-4.940942e-01	6.895872e-01	9.220295e-01	2.310478e-01	6.909817e-01	-2.299670e-01	-5.918407e-01	1.068394e-01	-7.152258e-02	7.107811e-02	-1.426007e-01
178           	1.940342e-01	-4.939611e-01	6.879952e-01	9.166923e-01	2.303051e-01	6.863872e-01	-2.280410e-01	-5.909782e-01	1.067062e-01	-7.154397e-02	7.093422e-02	-1.424782e-01
179           	1.925947e-01	-4.936215e-01	6.862162e-01	9.110619e-01	2.294054e-01	6.816565e-01	-2.261255e-01	-5.899189e-01	1.065757e-01	-7.151773e-02	7.081683e-02	-1.423346e-01
180           	1.912000e-01	-4.930445e-01	6.842446e-01	9.051969e-01	2.283592e-01	6.768376e-01	-2.242392e-01	-5.886445e-01	1.064497e-01	-7.144483e-02	7.072724e-02	-1.421721e-01
181           	1.897053e-01	-4.921134e-01	6.818188e-01	8.987591e-01	2.272270e-01	6.715320e-01	-2.221525e-01	-5.869661e-01	1.062622e-01	-7.131654e-02	7.060396e-02	-1.419205e-01
182           	1.882598e-01	-4.907956e-01	6.790554e-01	8.921246e-01	2.259870e-01	6.661376e-01	-2.200753e-01	-5.849255e-01	1.060311e-01	-7.113046e-02	7.046583e-02	-1.415963e-01
183           	1.869368e-01	-4.891145e-01	6.760514e-01	8.855074e-01	2.246643e-01	6.608431e-01	-2.180894e-01	-5.825829e-01	1.057705e-01	-7.089364e-02	7.032364e-02	-1.412173e-01
184           	1.858619e-01	-4.872023e-01	6.730641e-01	8.793083e-01	2.232501e-01	6.560582e-01	-2.164040e-01	-5.801332e-01	1.055335e-01	-7.061977e-02	7.022366e-02	-1.408434e-01
185           	1.852046e-01	-4.851654e-01	6.703700e-01	8.740484e-01	2.217200e-01	6.523283e-01	-2.153041e-01	-5.777677e-01	1.053643e-01	-7.032259e-02	7.020297e-02	-1.405256e-01
186           	1.851208e-01	-4.831427e-01	6.682635e-01	8.702372e-01	2.200923e-01	6.501449e-01	-2.150263e-01	-5.757031e-01	1.053105e-01	-7.001806e-02	7.030144e-02	-1.403195e-01
187           	1.854471e-01	-4.812457e-01	6.666928e-01	8.677057e-01	2.185379e-01	6.491678e-01	-2.153149e-01	-5.739692e-01	1.053373e-01	-6.971674e-02	7.047897e-02	-1.401957e-01
188           	1.861147e-01	-4.795618e-01	6.656765e-01	8.663968e-01	2.170817e-01	6.493151e-01	-2.161167e-01	-5.726191e-01	1.054372e-01	-6.943466e-02	7.071984e-02	-1.401545e-01
189           	1.870283e-01	-4.781557e-01	6.651840e-01	8.660833e-01	2.156535e-01	6.504297e-01	-2.173881e-01	-5.716699e-01	1.056076e-01	-6.918714e-02	7.101398e-02	-1.402011e-01
190           	1.881231e-01	-4.770016e-01	6.651246e-01	8.665759e-01	2.142516e-01	6.523243e-01	-2.190364e-01	-5.710631e-01	1.058326e-01	-6.897598e-02	7.134465e-02	-1.403206e-01
191           	1.891673e-01	-4.760660e-01	6.652333e-01	8.672271e-01	2.128972e-01	6.543299e-01	-2.207164e-01	-5.706496e-01	1.060655e-01	-6.880335e-02	7.166379e-02	-1.404671e-01
192           	1.899883e-01	-4.752226e-01	6.652109e-01	8.674900e-01	2.115912e-01	6.558988e-01	-2.221538e-01	-5.702167e-01	1.062412e-01	-6.866156e-02	7.191045e-02	-1.405720e-01
193           	1.905105e-01	-4.744237e-01	6.649341e-01	8.670578e-01	2.103621e-01	6.566957e-01	-2.231668e-01	-5.696789e-01	1.063457e-01	-6.855060e-02	7.207039e-02	-1.406210e-01
194           	1.905059e-01	-4.735571e-01	6.640630e-01	8.652416e-01	2.092351e-01	6.560064e-01	-2.233856e-01	-5.688101e-01	1.063089e-01	-6.846303e-02	7.207734e-02	-1.405404e-01
195           	1.897917e-01	-4.725805e-01	6.623721e-01	8.615690e-01	2.083335e-01	6.532355e-01	-2.224510e-01	-5.674763e-01	1.060905e-01	-6.838408e-02	7.189842e-02	-1.402825e-01
196           	1.883228e-01	-4.714085e-01	6.597313e-01	8.558970e-01	2.076536e-01	6.482434e-01	-2.202949e-01	-5.655699e-01	1.056531e-01	-6.829666e-02	7.150477e-02	-1.398014e-01
197           	1.862077e-01	-4.700239e-01	6.562316e-01	8.484917e-01	2.071762e-01	6.413155e-01	-2.170696e-01	-5.631278e-01	1.050176e-01	-6.818393e-02	7.092568e-02	-1.391096e-01
198           	1.834686e-01	-4.683648e-01	6.518334e-01	8.394029e-01	2.068879e-01	6.325150e-01	-2.128136e-01	-5.600991e-01	1.041767e-01	-6.802873e-02	7.016236e-02	-1.381911e-01
199           	1.804302e-01	-4.664574e-01	6.468876e-01	8.295352e-01	2.067573e-01	6.227779e-01	-2.080103e-01	-5.566725e-01	1.032077e-01	-6.782299e-02	6.929625e-02	-1.371192e-01
200           	1.772664e-01	-4.643156e-01	6.415820e-01	8.193645e-01	2.067462e-01	6.126183e-01	-2.029361e-01	-5.529488e-01	1.021548e-01	-6.756599e-02	6.837183e-02	-1.359378e-01
