# Force and moment coefficients
# dragDir     : (8.660253e-01 5.000002e-01 0.000000e+00)
# sideDir     : (0.000000e+00 0.000000e+00 -1.000000e+00)
# liftDir     : (-5.000002e-01 8.660253e-01 0.000000e+00)
# rollAxis    : (8.660253e-01 5.000002e-01 0.000000e+00)
# pitchAxis   : (0.000000e+00 0.000000e+00 -1.000000e+00)
# yawAxis     : (-5.000002e-01 8.660253e-01 0.000000e+00)
# magUInf     : 7.000000e+00
# lRef        : 6.464070e-02
# Aref        : 7.433680e-03
# CofR        : (1.616020e-02 0.000000e+00 0.000000e+00)
#
# Time        	Cd            	Cd(f)         	Cd(r)         	Cl            	Cl(f)         	Cl(r)         	CmPitch       	CmRoll        	CmYaw         	Cs            	Cs(f)         	Cs(r)         
1             	2.313611e+00	-1.313198e+00	3.626810e+00	3.631332e+00	-4.712797e-01	4.102612e+00	-2.286946e+00	-2.470004e+00	1.425048e+00	-1.796545e-01	1.335220e+00	-1.514875e+00
2             	1.239460e+00	-8.272697e-01	2.066730e+00	2.076710e+00	6.582776e-02	2.010882e+00	-9.725273e-01	-1.447000e+00	7.910377e-01	-1.287944e-01	7.266405e-01	-8.554349e-01
3             	8.391694e-01	-7.116291e-01	1.550799e+00	1.579235e+00	2.491255e-01	1.330109e+00	-5.404918e-01	-1.131214e+00	5.565244e-01	-1.266101e-01	4.932194e-01	-6.198295e-01
4             	7.095786e-01	-7.147647e-01	1.424343e+00	1.483071e+00	2.921603e-01	1.190910e+00	-4.493750e-01	-1.069554e+00	4.750560e-01	-1.394977e-01	4.053071e-01	-5.448049e-01
5             	6.561015e-01	-7.444164e-01	1.400518e+00	1.483533e+00	3.095615e-01	1.173971e+00	-4.322049e-01	-1.072467e+00	4.396448e-01	-1.538055e-01	3.627421e-01	-5.165476e-01
6             	6.295304e-01	-7.729112e-01	1.402442e+00	1.503287e+00	3.188601e-01	1.184427e+00	-4.327834e-01	-1.087676e+00	4.225039e-01	-1.646937e-01	3.401570e-01	-5.048507e-01
7             	6.144671e-01	-7.932162e-01	1.407683e+00	1.519195e+00	3.242146e-01	1.194981e+00	-4.353831e-01	-1.100450e+00	4.147053e-01	-1.717238e-01	3.288435e-01	-5.005672e-01
8             	6.084866e-01	-8.076250e-01	1.416112e+00	1.532037e+00	3.269615e-01	1.205076e+00	-4.390572e-01	-1.111868e+00	4.144963e-01	-1.759060e-01	3.265433e-01	-5.024493e-01
9             	6.118649e-01	-8.177935e-01	1.429658e+00	1.546329e+00	3.279844e-01	1.218345e+00	-4.451802e-01	-1.123726e+00	4.212604e-01	-1.779165e-01	3.323021e-01	-5.102187e-01
10            	6.231300e-01	-8.248665e-01	1.447996e+00	1.562741e+00	3.285826e-01	1.234158e+00	-4.527879e-01	-1.136431e+00	4.337873e-01	-1.782342e-01	3.446702e-01	-5.229044e-01
11            	6.398350e-01	-8.291586e-01	1.468994e+00	1.580295e+00	3.288981e-01	1.251397e+00	-4.612497e-01	-1.149076e+00	4.502728e-01	-1.770944e-01	3.617257e-01	-5.388200e-01
12            	6.602772e-01	-8.295987e-01	1.489876e+00	1.597838e+00	3.288471e-01	1.268991e+00	-4.700719e-01	-1.159737e+00	4.689628e-01	-1.746082e-01	3.816587e-01	-5.562669e-01
13            	6.826535e-01	-8.256807e-01	1.508334e+00	1.613958e+00	3.281062e-01	1.285852e+00	-4.788727e-01	-1.167007e+00	4.880615e-01	-1.710513e-01	4.025359e-01	-5.735872e-01
14            	7.057492e-01	-8.181425e-01	1.523892e+00	1.628403e+00	3.265449e-01	1.301858e+00	-4.876566e-01	-1.171017e+00	5.063734e-01	-1.668391e-01	4.229538e-01	-5.897930e-01
15            	7.284135e-01	-8.055627e-01	1.533976e+00	1.639281e+00	3.236126e-01	1.315668e+00	-4.960279e-01	-1.169769e+00	5.224007e-01	-1.621306e-01	4.413354e-01	-6.034660e-01
16            	7.496818e-01	-7.864302e-01	1.536112e+00	1.644676e+00	3.189272e-01	1.325749e+00	-5.034108e-01	-1.161271e+00	5.350282e-01	-1.569375e-01	4.565595e-01	-6.134969e-01
17            	7.677376e-01	-7.612871e-01	1.529025e+00	1.643176e+00	3.127199e-01	1.330457e+00	-5.088683e-01	-1.145156e+00	5.431196e-01	-1.514122e-01	4.674135e-01	-6.188257e-01
18            	7.787956e-01	-7.280490e-01	1.506845e+00	1.629754e+00	3.051224e-01	1.324632e+00	-5.097547e-01	-1.117447e+00	5.436810e-01	-1.454327e-01	4.709646e-01	-6.163973e-01
19            	7.842450e-01	-6.886865e-01	1.472932e+00	1.606273e+00	2.949905e-01	1.311282e+00	-5.081459e-01	-1.080809e+00	5.382462e-01	-1.392687e-01	4.686118e-01	-6.078806e-01
20            	7.843853e-01	-6.444625e-01	1.428848e+00	1.571403e+00	2.800974e-01	1.291306e+00	-5.056042e-01	-1.036655e+00	5.281872e-01	-1.326978e-01	4.618384e-01	-5.945361e-01
21            	7.801723e-01	-6.002300e-01	1.380402e+00	1.528681e+00	2.618347e-01	1.266846e+00	-5.025056e-01	-9.903161e-01	5.155736e-01	-1.262552e-01	4.524460e-01	-5.787013e-01
22            	7.716024e-01	-5.581849e-01	1.329787e+00	1.478763e+00	2.399468e-01	1.238817e+00	-4.994349e-01	-9.439860e-01	5.010856e-01	-1.200180e-01	4.410766e-01	-5.610946e-01
23            	7.590340e-01	-5.176829e-01	1.276717e+00	1.421649e+00	2.142059e-01	1.207444e+00	-4.966188e-01	-8.971999e-01	4.844852e-01	-1.141091e-01	4.274306e-01	-5.415397e-01
24            	7.441906e-01	-4.804905e-01	1.224681e+00	1.360711e+00	1.852649e-01	1.175446e+00	-4.950904e-01	-8.525858e-01	4.670183e-01	-1.088496e-01	4.125935e-01	-5.214431e-01
25            	7.272546e-01	-4.472087e-01	1.174463e+00	1.296792e+00	1.536380e-01	1.143154e+00	-4.947581e-01	-8.108360e-01	4.488443e-01	-1.043531e-01	3.966678e-01	-5.010208e-01
26            	7.087005e-01	-4.193992e-01	1.128100e+00	1.231399e+00	1.202248e-01	1.111174e+00	-4.954747e-01	-7.737495e-01	4.311527e-01	-1.006021e-01	3.808517e-01	-4.814538e-01
27            	6.890251e-01	-3.982184e-01	1.087243e+00	1.167707e+00	8.826308e-02	1.079443e+00	-4.955902e-01	-7.427310e-01	4.148721e-01	-9.764739e-02	3.660484e-01	-4.636958e-01
28            	6.688892e-01	-3.829586e-01	1.051848e+00	1.108501e+00	6.042715e-02	1.048074e+00	-4.938235e-01	-7.174032e-01	4.002829e-01	-9.530038e-02	3.526327e-01	-4.479331e-01
29            	6.477422e-01	-3.723049e-01	1.020047e+00	1.053915e+00	3.758967e-02	1.016325e+00	-4.893679e-01	-6.961760e-01	3.869960e-01	-9.317587e-02	3.404081e-01	-4.335839e-01
30            	6.299345e-01	-3.663197e-01	9.962543e-01	1.010633e+00	2.009825e-02	9.905349e-01	-4.852183e-01	-6.812870e-01	3.769808e-01	-9.150739e-02	3.312271e-01	-4.227345e-01
31            	6.102471e-01	-3.625839e-01	9.728310e-01	9.700111e-01	7.394541e-03	9.626165e-01	-4.776110e-01	-6.677075e-01	3.678221e-01	-8.926879e-02	3.231877e-01	-4.124565e-01
32            	5.885750e-01	-3.597783e-01	9.483533e-01	9.304647e-01	-2.007601e-03	9.324723e-01	-4.672400e-01	-6.540658e-01	3.591428e-01	-8.624756e-02	3.160190e-01	-4.022666e-01
33            	5.649892e-01	-3.570684e-01	9.220576e-01	8.909449e-01	-8.879573e-03	8.998245e-01	-4.543520e-01	-6.395630e-01	3.506352e-01	-8.243819e-02	3.094161e-01	-3.918543e-01
34            	5.415511e-01	-3.538408e-01	8.953918e-01	8.535683e-01	-1.406592e-02	8.676342e-01	-4.408501e-01	-6.246163e-01	3.421685e-01	-7.848525e-02	3.029259e-01	-3.814112e-01
35            	5.194615e-01	-3.496755e-01	8.691370e-01	8.194254e-01	-1.750638e-02	8.369317e-01	-4.272191e-01	-6.094063e-01	3.337014e-01	-7.481022e-02	2.962963e-01	-3.711065e-01
36            	4.991510e-01	-3.447148e-01	8.438659e-01	7.891936e-01	-1.826693e-02	8.074605e-01	-4.128637e-01	-5.942904e-01	3.255482e-01	-7.144636e-02	2.898250e-01	-3.612713e-01
37            	4.801109e-01	-3.388328e-01	8.189437e-01	7.622179e-01	-1.614752e-02	7.783654e-01	-3.972565e-01	-5.788882e-01	3.172043e-01	-6.844039e-02	2.829841e-01	-3.514245e-01
38            	4.620202e-01	-3.324207e-01	7.944409e-01	7.378770e-01	-1.172505e-02	7.496020e-01	-3.806635e-01	-5.634308e-01	3.086194e-01	-6.575405e-02	2.757424e-01	-3.414964e-01
39            	4.451371e-01	-3.262106e-01	7.713477e-01	7.171223e-01	-4.975135e-03	7.220975e-01	-3.635363e-01	-5.487791e-01	2.999307e-01	-6.352216e-02	2.681697e-01	-3.316918e-01
40            	4.302033e-01	-3.205957e-01	7.507989e-01	7.010658e-01	3.327377e-03	6.977384e-01	-3.472055e-01	-5.356973e-01	2.914182e-01	-6.181605e-02	2.605102e-01	-3.223263e-01
41            	4.175904e-01	-3.159346e-01	7.335250e-01	6.900951e-01	1.259231e-02	6.775028e-01	-3.324552e-01	-5.247298e-01	2.833095e-01	-6.067431e-02	2.529723e-01	-3.136467e-01
42            	4.085865e-01	-3.128431e-01	7.214296e-01	6.860799e-01	2.244282e-02	6.636371e-01	-3.205971e-01	-5.171364e-01	2.762900e-01	-6.029259e-02	2.461437e-01	-3.064363e-01
43            	4.035251e-01	-3.120698e-01	7.155948e-01	6.893821e-01	3.261553e-02	6.567666e-01	-3.120755e-01	-5.138323e-01	2.711532e-01	-6.057753e-02	2.408644e-01	-3.014419e-01
44            	4.011206e-01	-3.133256e-01	7.144462e-01	6.974985e-01	4.287802e-02	6.546205e-01	-3.058712e-01	-5.138859e-01	2.677157e-01	-6.117968e-02	2.371259e-01	-2.983056e-01
45            	4.007306e-01	-3.161744e-01	7.169050e-01	7.089271e-01	5.318344e-02	6.557437e-01	-3.012801e-01	-5.165397e-01	2.658853e-01	-6.193787e-02	2.349164e-01	-2.968542e-01
46            	4.040260e-01	-3.200956e-01	7.241216e-01	7.256832e-01	6.307636e-02	6.626068e-01	-2.997652e-01	-5.221086e-01	2.659422e-01	-6.316394e-02	2.343602e-01	-2.975242e-01
47            	4.099898e-01	-3.242257e-01	7.342156e-01	7.458859e-01	7.268035e-02	6.732056e-01	-3.002626e-01	-5.292207e-01	2.672612e-01	-6.467218e-02	2.349252e-01	-2.995973e-01
48            	4.171910e-01	-3.277298e-01	7.449208e-01	7.671964e-01	8.233864e-02	6.848577e-01	-3.012595e-01	-5.363253e-01	2.691607e-01	-6.614261e-02	2.360894e-01	-3.022320e-01
49            	4.261394e-01	-3.306311e-01	7.567705e-01	7.902558e-01	9.166298e-02	6.985928e-01	-3.034649e-01	-5.437008e-01	2.717961e-01	-6.761710e-02	2.379875e-01	-3.056046e-01
50            	4.373442e-01	-3.334033e-01	7.707474e-01	8.159965e-01	1.003506e-01	7.156459e-01	-3.076477e-01	-5.520754e-01	2.754848e-01	-6.919815e-02	2.408857e-01	-3.100839e-01
51            	4.506701e-01	-3.362585e-01	7.869285e-01	8.442506e-01	1.079637e-01	7.362869e-01	-3.141616e-01	-5.615935e-01	2.801758e-01	-7.093169e-02	2.447099e-01	-3.156416e-01
52            	4.655397e-01	-3.393522e-01	8.048919e-01	8.742223e-01	1.140883e-01	7.601339e-01	-3.230228e-01	-5.721220e-01	2.856143e-01	-7.283259e-02	2.491981e-01	-3.220306e-01
53            	4.812805e-01	-3.424044e-01	8.236849e-01	9.048671e-01	1.184528e-01	7.864143e-01	-3.339808e-01	-5.830447e-01	2.912049e-01	-7.496855e-02	2.537206e-01	-3.286891e-01
54            	4.959412e-01	-3.447740e-01	8.407152e-01	9.330768e-01	1.209748e-01	8.121020e-01	-3.455636e-01	-5.927446e-01	2.958365e-01	-7.716882e-02	2.572521e-01	-3.344209e-01
55            	5.085729e-01	-3.461036e-01	8.546766e-01	9.568046e-01	1.212267e-01	8.355779e-01	-3.571756e-01	-6.003901e-01	2.990306e-01	-7.933289e-02	2.593642e-01	-3.386971e-01
56            	5.185076e-01	-3.461340e-01	8.646417e-01	9.742235e-01	1.187618e-01	8.554617e-01	-3.683500e-01	-6.053879e-01	3.006331e-01	-8.129600e-02	2.599851e-01	-3.412811e-01
57            	5.253694e-01	-3.450111e-01	8.703805e-01	9.840054e-01	1.130991e-01	8.709063e-01	-3.789036e-01	-6.076958e-01	3.009176e-01	-8.285564e-02	2.594898e-01	-3.423454e-01
58            	5.277685e-01	-3.433513e-01	8.711198e-01	9.837138e-01	1.048204e-01	8.788933e-01	-3.870364e-01	-6.072355e-01	3.001217e-01	-8.371639e-02	2.582635e-01	-3.419799e-01
59            	5.265885e-01	-3.418177e-01	8.684063e-01	9.747652e-01	9.447640e-02	8.802888e-01	-3.929062e-01	-6.051120e-01	2.989003e-01	-8.396472e-02	2.569179e-01	-3.408827e-01
60            	5.216731e-01	-3.409127e-01	8.625859e-01	9.576612e-01	8.347785e-02	8.741833e-01	-3.953527e-01	-6.017493e-01	2.975032e-01	-8.353672e-02	2.557349e-01	-3.392716e-01
61            	5.142002e-01	-3.404830e-01	8.546832e-01	9.354411e-01	7.343863e-02	8.620025e-01	-3.942819e-01	-5.975831e-01	2.960922e-01	-8.258809e-02	2.547982e-01	-3.373863e-01
62            	5.045779e-01	-3.409182e-01	8.454961e-01	9.098183e-01	6.512672e-02	8.446916e-01	-3.897824e-01	-5.932072e-01	2.950016e-01	-8.112255e-02	2.544403e-01	-3.355629e-01
63            	4.938735e-01	-3.417695e-01	8.356430e-01	8.836261e-01	5.929106e-02	8.243350e-01	-3.825220e-01	-5.887062e-01	2.941697e-01	-7.926071e-02	2.545394e-01	-3.338001e-01
64            	4.834891e-01	-3.426576e-01	8.261467e-01	8.597611e-01	5.578572e-02	8.039754e-01	-3.740948e-01	-5.844022e-01	2.935585e-01	-7.725507e-02	2.549310e-01	-3.321860e-01
65            	4.740273e-01	-3.433360e-01	8.173633e-01	8.396796e-01	5.450341e-02	7.851762e-01	-3.653364e-01	-5.803496e-01	2.930279e-01	-7.526652e-02	2.553947e-01	-3.306612e-01
66            	4.656617e-01	-3.433584e-01	8.090200e-01	8.236679e-01	5.488521e-02	7.687827e-01	-3.569488e-01	-5.761892e-01	2.921787e-01	-7.342800e-02	2.554647e-01	-3.288927e-01
67            	4.575871e-01	-3.425514e-01	8.001385e-01	8.103069e-01	5.657723e-02	7.537297e-01	-3.485762e-01	-5.713450e-01	2.906042e-01	-7.169614e-02	2.547562e-01	-3.264523e-01
68            	4.504242e-01	-3.409916e-01	7.914158e-01	7.999095e-01	5.878138e-02	7.411281e-01	-3.411734e-01	-5.662037e-01	2.884681e-01	-7.020647e-02	2.533649e-01	-3.235714e-01
69            	4.439983e-01	-3.389300e-01	7.829283e-01	7.916490e-01	6.126659e-02	7.303824e-01	-3.345579e-01	-5.609292e-01	2.859524e-01	-6.891590e-02	2.514945e-01	-3.204104e-01
70            	4.388350e-01	-3.369016e-01	7.757366e-01	7.858124e-01	6.370265e-02	7.221097e-01	-3.292035e-01	-5.563191e-01	2.835931e-01	-6.789324e-02	2.496465e-01	-3.175397e-01
71            	4.346531e-01	-3.350989e-01	7.697520e-01	7.816858e-01	6.622700e-02	7.154588e-01	-3.246159e-01	-5.524255e-01	2.815409e-01	-6.706259e-02	2.480096e-01	-3.150722e-01
72            	4.314427e-01	-3.335325e-01	7.649752e-01	7.789599e-01	6.873570e-02	7.102242e-01	-3.207442e-01	-5.492538e-01	2.799060e-01	-6.637338e-02	2.467193e-01	-3.130926e-01
73            	4.295999e-01	-3.320987e-01	7.616985e-01	7.779164e-01	7.090884e-02	7.070075e-01	-3.180493e-01	-5.468986e-01	2.787663e-01	-6.587598e-02	2.458283e-01	-3.117043e-01
74            	4.289017e-01	-3.307569e-01	7.596586e-01	7.781973e-01	7.275882e-02	7.054384e-01	-3.163398e-01	-5.452078e-01	2.780825e-01	-6.549714e-02	2.453339e-01	-3.108311e-01
75            	4.295262e-01	-3.294134e-01	7.589396e-01	7.799153e-01	7.399078e-02	7.059245e-01	-3.159669e-01	-5.441765e-01	2.777899e-01	-6.529976e-02	2.451401e-01	-3.104398e-01
76            	4.315116e-01	-3.280483e-01	7.595600e-01	7.831740e-01	7.449015e-02	7.086839e-01	-3.170969e-01	-5.438042e-01	2.778292e-01	-6.531338e-02	2.451725e-01	-3.104859e-01
77            	4.342979e-01	-3.265722e-01	7.608702e-01	7.871774e-01	7.432211e-02	7.128553e-01	-3.192666e-01	-5.437212e-01	2.779647e-01	-6.546231e-02	2.452336e-01	-3.106959e-01
78            	4.374194e-01	-3.247930e-01	7.622125e-01	7.913145e-01	7.356141e-02	7.177531e-01	-3.220958e-01	-5.435027e-01	2.778722e-01	-6.573459e-02	2.450049e-01	-3.107395e-01
79            	4.402386e-01	-3.226610e-01	7.628996e-01	7.947167e-01	7.237372e-02	7.223430e-01	-3.249846e-01	-5.427803e-01	2.773180e-01	-6.606642e-02	2.442848e-01	-3.103512e-01
80            	4.421927e-01	-3.201841e-01	7.623768e-01	7.966037e-01	7.100821e-02	7.255955e-01	-3.272937e-01	-5.412804e-01	2.761821e-01	-6.637656e-02	2.429938e-01	-3.093704e-01
81            	4.430689e-01	-3.175998e-01	7.606688e-01	7.967066e-01	6.961794e-02	7.270887e-01	-3.287354e-01	-5.391343e-01	2.746008e-01	-6.660821e-02	2.412967e-01	-3.079049e-01
82            	4.428195e-01	-3.151701e-01	7.579896e-01	7.949708e-01	6.831866e-02	7.266521e-01	-3.291667e-01	-5.365798e-01	2.727841e-01	-6.671685e-02	2.394257e-01	-3.061425e-01
83            	4.413862e-01	-3.130959e-01	7.544821e-01	7.913405e-01	6.722676e-02	7.241137e-01	-3.284435e-01	-5.337890e-01	2.708859e-01	-6.666136e-02	2.375552e-01	-3.042166e-01
84            	4.389084e-01	-3.115761e-01	7.504845e-01	7.860684e-01	6.640406e-02	7.196643e-01	-3.266301e-01	-5.310303e-01	2.691159e-01	-6.642466e-02	2.359035e-01	-3.023282e-01
85            	4.357070e-01	-3.108120e-01	7.465190e-01	7.796707e-01	6.583160e-02	7.138391e-01	-3.240038e-01	-5.286655e-01	2.677389e-01	-6.601309e-02	2.347324e-01	-3.007455e-01
86            	4.320543e-01	-3.109345e-01	7.429888e-01	7.726123e-01	6.551331e-02	7.070990e-01	-3.207928e-01	-5.269617e-01	2.669361e-01	-6.545225e-02	2.342100e-01	-2.996622e-01
87            	4.286309e-01	-3.117798e-01	7.404107e-01	7.660722e-01	6.545726e-02	7.006149e-01	-3.175788e-01	-5.260953e-01	2.667848e-01	-6.484236e-02	2.343637e-01	-2.992060e-01
88            	4.256688e-01	-3.130864e-01	7.387552e-01	7.604267e-01	6.557404e-02	6.948527e-01	-3.146393e-01	-5.259208e-01	2.671398e-01	-6.425215e-02	2.350138e-01	-2.992659e-01
89            	4.233037e-01	-3.145546e-01	7.378583e-01	7.559667e-01	6.585548e-02	6.901113e-01	-3.121279e-01	-5.262065e-01	2.677979e-01	-6.373325e-02	2.359313e-01	-2.996645e-01
90            	4.218200e-01	-3.158356e-01	7.376556e-01	7.530848e-01	6.608848e-02	6.869963e-01	-3.104539e-01	-5.267456e-01	2.685584e-01	-6.335895e-02	2.368789e-01	-3.002378e-01
91            	4.210518e-01	-3.169295e-01	7.379813e-01	7.515000e-01	6.624417e-02	6.852558e-01	-3.095058e-01	-5.274554e-01	2.693405e-01	-6.312318e-02	2.377789e-01	-3.009021e-01
92            	4.209517e-01	-3.176082e-01	7.385599e-01	7.511415e-01	6.630541e-02	6.848361e-01	-3.092654e-01	-5.280841e-01	2.699598e-01	-6.302548e-02	2.384471e-01	-3.014726e-01
93            	4.213408e-01	-3.178056e-01	7.391464e-01	7.517141e-01	6.626905e-02	6.854450e-01	-3.095880e-01	-5.284760e-01	2.703158e-01	-6.303697e-02	2.387973e-01	-3.018343e-01
94            	4.219991e-01	-3.176014e-01	7.396004e-01	7.528216e-01	6.612429e-02	6.866973e-01	-3.102865e-01	-5.286009e-01	2.704098e-01	-6.311381e-02	2.388529e-01	-3.019667e-01
95            	4.227437e-01	-3.171475e-01	7.398913e-01	7.541248e-01	6.590091e-02	6.882239e-01	-3.111615e-01	-5.285194e-01	2.703022e-01	-6.322188e-02	2.386913e-01	-3.019132e-01
96            	4.235895e-01	-3.166188e-01	7.402084e-01	7.555870e-01	6.558485e-02	6.900022e-01	-3.122087e-01	-5.284136e-01	2.701269e-01	-6.335440e-02	2.384497e-01	-3.018041e-01
97            	4.245054e-01	-3.161118e-01	7.406172e-01	7.571131e-01	6.519857e-02	6.919145e-01	-3.133580e-01	-5.283645e-01	2.699612e-01	-6.350133e-02	2.382105e-01	-3.017119e-01
98            	4.254638e-01	-3.156713e-01	7.411351e-01	7.586189e-01	6.477014e-02	6.938488e-01	-3.145393e-01	-5.284032e-01	2.698434e-01	-6.366058e-02	2.380131e-01	-3.016737e-01
99            	4.263599e-01	-3.152838e-01	7.416437e-01	7.599617e-01	6.440139e-02	6.955603e-01	-3.155795e-01	-5.284638e-01	2.697507e-01	-6.381823e-02	2.378416e-01	-3.016598e-01
100           	4.271320e-01	-3.149222e-01	7.420542e-01	7.610658e-01	6.413473e-02	6.969311e-01	-3.163982e-01	-5.284882e-01	2.696536e-01	-6.396820e-02	2.376695e-01	-3.016377e-01
101           	4.276961e-01	-3.145493e-01	7.422454e-01	7.618360e-01	6.401096e-02	6.978250e-01	-3.169070e-01	-5.283973e-01	2.695018e-01	-6.410188e-02	2.374508e-01	-3.015527e-01
102           	4.279925e-01	-3.141461e-01	7.421387e-01	7.622193e-01	6.405295e-02	6.981663e-01	-3.170567e-01	-5.281424e-01	2.692535e-01	-6.421168e-02	2.371477e-01	-3.013594e-01
103           	4.280163e-01	-3.137147e-01	7.417310e-01	7.622286e-01	6.424090e-02	6.979877e-01	-3.168734e-01	-5.277229e-01	2.688969e-01	-6.429663e-02	2.367485e-01	-3.010452e-01
104           	4.278000e-01	-3.132909e-01	7.410909e-01	7.619064e-01	6.454548e-02	6.973609e-01	-3.164077e-01	-5.271909e-01	2.684527e-01	-6.436173e-02	2.362719e-01	-3.006336e-01
105           	4.273798e-01	-3.129102e-01	7.402900e-01	7.613149e-01	6.494383e-02	6.963711e-01	-3.157136e-01	-5.266001e-01	2.679552e-01	-6.440331e-02	2.357536e-01	-3.001569e-01
106           	4.268118e-01	-3.125927e-01	7.394045e-01	7.605348e-01	6.539663e-02	6.951382e-01	-3.148708e-01	-5.259986e-01	2.674460e-01	-6.441953e-02	2.352363e-01	-2.996558e-01
107           	4.261480e-01	-3.123627e-01	7.385108e-01	7.596330e-01	6.587482e-02	6.937582e-01	-3.139417e-01	-5.254368e-01	2.669737e-01	-6.440815e-02	2.347696e-01	-2.991778e-01
108           	4.254424e-01	-3.122473e-01	7.376897e-01	7.586856e-01	6.635550e-02	6.923301e-01	-3.129873e-01	-5.249685e-01	2.665905e-01	-6.436664e-02	2.344071e-01	-2.987738e-01
109           	4.247074e-01	-3.122220e-01	7.369294e-01	7.577145e-01	6.684271e-02	6.908718e-01	-3.120145e-01	-5.245757e-01	2.663084e-01	-6.428741e-02	2.341647e-01	-2.984521e-01
110           	4.239723e-01	-3.122627e-01	7.362350e-01	7.567612e-01	6.731465e-02	6.894466e-01	-3.110660e-01	-5.242488e-01	2.661316e-01	-6.417017e-02	2.340465e-01	-2.982166e-01
111           	4.232857e-01	-3.123473e-01	7.356331e-01	7.558879e-01	6.774054e-02	6.881474e-01	-3.102034e-01	-5.239902e-01	2.660638e-01	-6.402151e-02	2.340531e-01	-2.980746e-01
112           	4.226890e-01	-3.124651e-01	7.351541e-01	7.551627e-01	6.810697e-02	6.870557e-01	-3.094744e-01	-5.238096e-01	2.661026e-01	-6.385230e-02	2.341765e-01	-2.980288e-01
113           	4.222376e-01	-3.125971e-01	7.348347e-01	7.546769e-01	6.839231e-02	6.862846e-01	-3.089462e-01	-5.237159e-01	2.662362e-01	-6.367694e-02	2.343977e-01	-2.980746e-01
114           	4.219584e-01	-3.127385e-01	7.346969e-01	7.544803e-01	6.859270e-02	6.858876e-01	-3.086474e-01	-5.237177e-01	2.664464e-01	-6.351108e-02	2.346909e-01	-2.982019e-01
115           	4.218740e-01	-3.128815e-01	7.347555e-01	7.546077e-01	6.870613e-02	6.859016e-01	-3.085977e-01	-5.238185e-01	2.667143e-01	-6.337159e-02	2.350285e-01	-2.984001e-01
116           	4.220137e-01	-3.130118e-01	7.350255e-01	7.550961e-01	6.870962e-02	6.863865e-01	-3.088384e-01	-5.240187e-01	2.670066e-01	-6.327925e-02	2.353670e-01	-2.986462e-01
117           	4.223450e-01	-3.131145e-01	7.354595e-01	7.558896e-01	6.862537e-02	6.872643e-01	-3.093195e-01	-5.242870e-01	2.672864e-01	-6.324010e-02	2.356663e-01	-2.989064e-01
118           	4.228322e-01	-3.131965e-01	7.360286e-01	7.569321e-01	6.846703e-02	6.884651e-01	-3.099990e-01	-5.246126e-01	2.675343e-01	-6.325477e-02	2.359069e-01	-2.991617e-01
119           	4.234358e-01	-3.132692e-01	7.367050e-01	7.581529e-01	6.825416e-02	6.898988e-01	-3.108223e-01	-5.249871e-01	2.677396e-01	-6.332080e-02	2.360792e-01	-2.994000e-01
120           	4.241181e-01	-3.133496e-01	7.374677e-01	7.594812e-01	6.801171e-02	6.914695e-01	-3.117289e-01	-5.254087e-01	2.679021e-01	-6.343383e-02	2.361852e-01	-2.996190e-01
121           	4.248128e-01	-3.134410e-01	7.382538e-01	7.608033e-01	6.777881e-02	6.930244e-01	-3.126228e-01	-5.258474e-01	2.680144e-01	-6.358145e-02	2.362237e-01	-2.998051e-01
122           	4.254666e-01	-3.135441e-01	7.390107e-01	7.620310e-01	6.758150e-02	6.944495e-01	-3.134340e-01	-5.262774e-01	2.680783e-01	-6.374876e-02	2.362039e-01	-2.999526e-01
123           	4.260334e-01	-3.136623e-01	7.396958e-01	7.630913e-01	6.744821e-02	6.956431e-01	-3.140974e-01	-5.266791e-01	2.681030e-01	-6.391900e-02	2.361435e-01	-3.000625e-01
124           	4.264658e-01	-3.137884e-01	7.402542e-01	7.639124e-01	6.740419e-02	6.965082e-01	-3.145520e-01	-5.270213e-01	2.680905e-01	-6.407781e-02	2.360516e-01	-3.001294e-01
125           	4.267418e-01	-3.139049e-01	7.406468e-01	7.644531e-01	6.745516e-02	6.969979e-01	-3.147714e-01	-5.272759e-01	2.680385e-01	-6.421554e-02	2.359308e-01	-3.001463e-01
126           	4.268659e-01	-3.139977e-01	7.408636e-01	7.647149e-01	6.758922e-02	6.971257e-01	-3.147682e-01	-5.274307e-01	2.679497e-01	-6.432901e-02	2.357852e-01	-3.001142e-01
127           	4.268500e-01	-3.140606e-01	7.409106e-01	7.647226e-01	6.780058e-02	6.969220e-01	-3.145607e-01	-5.274856e-01	2.678339e-01	-6.441268e-02	2.356275e-01	-3.000402e-01
128           	4.267069e-01	-3.140860e-01	7.407929e-01	7.645073e-01	6.808267e-02	6.964247e-01	-3.141710e-01	-5.274394e-01	2.676947e-01	-6.446635e-02	2.354616e-01	-2.999279e-01
129           	4.264557e-01	-3.140643e-01	7.405199e-01	7.641063e-01	6.841679e-02	6.956895e-01	-3.136363e-01	-5.272921e-01	2.675341e-01	-6.448819e-02	2.352900e-01	-2.997782e-01
130           	4.261209e-01	-3.139954e-01	7.401163e-01	7.635694e-01	6.877952e-02	6.947899e-01	-3.130052e-01	-5.270559e-01	2.673556e-01	-6.448156e-02	2.351148e-01	-2.995964e-01
131           	4.257184e-01	-3.138816e-01	7.396001e-01	7.629319e-01	6.915316e-02	6.937787e-01	-3.123128e-01	-5.267408e-01	2.671666e-01	-6.444491e-02	2.349441e-01	-2.993890e-01
132           	4.252674e-01	-3.137301e-01	7.389975e-01	7.622315e-01	6.951562e-02	6.927159e-01	-3.116001e-01	-5.263638e-01	2.669734e-01	-6.438168e-02	2.347826e-01	-2.991643e-01
133           	4.247474e-01	-3.135291e-01	7.382765e-01	7.614380e-01	6.986050e-02	6.915775e-01	-3.108585e-01	-5.259028e-01	2.667663e-01	-6.428632e-02	2.346232e-01	-2.989095e-01
134           	4.243391e-01	-3.133714e-01	7.377105e-01	7.608470e-01	7.011354e-02	6.907334e-01	-3.103099e-01	-5.255409e-01	2.666453e-01	-6.418030e-02	2.345551e-01	-2.987354e-01
135           	4.239342e-01	-3.132010e-01	7.371351e-01	7.602785e-01	7.031048e-02	6.899680e-01	-3.098288e-01	-5.251681e-01	2.665396e-01	-6.405906e-02	2.345101e-01	-2.985691e-01
136           	4.236152e-01	-3.130640e-01	7.366792e-01	7.598645e-01	7.041777e-02	6.894467e-01	-3.095145e-01	-5.248716e-01	2.664950e-01	-6.393469e-02	2.345277e-01	-2.984624e-01
137           	4.234020e-01	-3.129756e-01	7.363776e-01	7.596309e-01	7.043298e-02	6.891979e-01	-3.093825e-01	-5.246766e-01	2.665193e-01	-6.381376e-02	2.346125e-01	-2.984262e-01
138           	4.233135e-01	-3.129485e-01	7.362619e-01	7.595990e-01	7.035980e-02	6.892392e-01	-3.094397e-01	-5.246052e-01	2.666107e-01	-6.370970e-02	2.347559e-01	-2.984656e-01
139           	4.233683e-01	-3.129857e-01	7.363540e-01	7.597849e-01	7.019868e-02	6.895862e-01	-3.096938e-01	-5.246699e-01	2.667603e-01	-6.363505e-02	2.349428e-01	-2.985779e-01
140           	4.235498e-01	-3.130910e-01	7.366409e-01	7.601676e-01	6.998174e-02	6.901859e-01	-3.101021e-01	-5.248659e-01	2.669592e-01	-6.359335e-02	2.351625e-01	-2.987559e-01
141           	4.238516e-01	-3.132578e-01	7.371094e-01	7.607274e-01	6.972252e-02	6.910049e-01	-3.106412e-01	-5.251836e-01	2.671915e-01	-6.358975e-02	2.353966e-01	-2.989864e-01
142           	4.242611e-01	-3.134779e-01	7.377390e-01	7.614432e-01	6.943563e-02	6.920076e-01	-3.112860e-01	-5.256084e-01	2.674424e-01	-6.362693e-02	2.356289e-01	-2.992558e-01
143           	4.247827e-01	-3.137598e-01	7.385426e-01	7.623252e-01	6.913868e-02	6.931866e-01	-3.120239e-01	-5.261512e-01	2.677171e-01	-6.370492e-02	2.358646e-01	-2.995695e-01
144           	4.253103e-01	-3.140357e-01	7.393460e-01	7.631893e-01	6.886927e-02	6.943200e-01	-3.127254e-01	-5.266909e-01	2.679409e-01	-6.381649e-02	2.360326e-01	-2.998491e-01
145           	4.258404e-01	-3.143146e-01	7.401550e-01	7.640333e-01	6.864442e-02	6.953889e-01	-3.133722e-01	-5.272348e-01	2.681308e-01	-6.395190e-02	2.361548e-01	-3.001067e-01
146           	4.262896e-01	-3.145544e-01	7.408439e-01	7.647312e-01	6.849196e-02	6.962393e-01	-3.138736e-01	-5.276991e-01	2.682576e-01	-6.408941e-02	2.362129e-01	-3.003023e-01
147           	4.267126e-01	-3.147809e-01	7.414935e-01	7.653699e-01	6.840302e-02	6.969669e-01	-3.142820e-01	-5.281372e-01	2.683566e-01	-6.423339e-02	2.362399e-01	-3.004733e-01
148           	4.270293e-01	-3.149465e-01	7.419759e-01	7.658215e-01	6.839374e-02	6.974278e-01	-3.145170e-01	-5.284612e-01	2.683861e-01	-6.436987e-02	2.362011e-01	-3.005710e-01
149           	4.272193e-01	-3.150381e-01	7.422574e-01	7.660547e-01	6.846174e-02	6.975929e-01	-3.145656e-01	-5.286478e-01	2.683465e-01	-6.448708e-02	2.361030e-01	-3.005901e-01
150           	4.272731e-01	-3.150578e-01	7.423310e-01	7.660660e-01	6.860859e-02	6.974574e-01	-3.144244e-01	-5.286944e-01	2.682496e-01	-6.457631e-02	2.359614e-01	-3.005377e-01
151           	4.271979e-01	-3.150072e-01	7.422051e-01	7.658691e-01	6.882121e-02	6.970479e-01	-3.141133e-01	-5.286062e-01	2.681059e-01	-6.463279e-02	2.357895e-01	-3.004223e-01
152           	4.270052e-01	-3.148931e-01	7.418983e-01	7.654888e-01	6.908208e-02	6.964067e-01	-3.136623e-01	-5.283957e-01	2.679258e-01	-6.465547e-02	2.355981e-01	-3.002535e-01
153           	4.267107e-01	-3.147239e-01	7.414347e-01	7.649553e-01	6.937257e-02	6.955828e-01	-3.131051e-01	-5.280793e-01	2.677218e-01	-6.464257e-02	2.354005e-01	-3.000431e-01
154           	4.263051e-01	-3.144909e-01	7.407961e-01	7.642517e-01	6.967728e-02	6.945744e-01	-3.124486e-01	-5.276435e-01	2.674835e-01	-6.459550e-02	2.351858e-01	-2.997813e-01
155           	4.258583e-01	-3.142453e-01	7.401036e-01	7.635016e-01	6.996561e-02	6.935360e-01	-3.117852e-01	-5.271745e-01	2.672659e-01	-6.451587e-02	2.350080e-01	-2.995239e-01
156           	4.254004e-01	-3.139885e-01	7.393889e-01	7.627483e-01	7.020858e-02	6.925398e-01	-3.111656e-01	-5.266887e-01	2.670672e-01	-6.441461e-02	2.348599e-01	-2.992745e-01
157           	4.249570e-01	-3.137440e-01	7.387010e-01	7.620391e-01	7.039975e-02	6.916393e-01	-3.106198e-01	-5.262225e-01	2.669080e-01	-6.429463e-02	2.347607e-01	-2.990554e-01
158           	4.246133e-01	-3.135548e-01	7.381681e-01	7.615090e-01	7.050887e-02	6.910001e-01	-3.102456e-01	-5.258615e-01	2.668228e-01	-6.417666e-02	2.347344e-01	-2.989111e-01
159           	4.243054e-01	-3.133935e-01	7.376988e-01	7.610569e-01	7.055457e-02	6.905023e-01	-3.099739e-01	-5.255462e-01	2.667772e-01	-6.405156e-02	2.347514e-01	-2.988030e-01
160           	4.241154e-01	-3.133000e-01	7.374153e-01	7.608021e-01	7.051004e-02	6.902921e-01	-3.098910e-01	-5.253577e-01	2.668028e-01	-6.393914e-02	2.348332e-01	-2.987723e-01
161           	4.240606e-01	-3.132794e-01	7.373400e-01	7.607598e-01	7.037814e-02	6.903817e-01	-3.100018e-01	-5.253097e-01	2.668961e-01	-6.384940e-02	2.349714e-01	-2.988208e-01
162           	4.241433e-01	-3.133326e-01	7.374759e-01	7.609313e-01	7.017217e-02	6.907591e-01	-3.102935e-01	-5.254042e-01	2.670481e-01	-6.378999e-02	2.351531e-01	-2.989431e-01
163           	4.243420e-01	-3.134539e-01	7.377959e-01	7.612789e-01	6.992208e-02	6.913568e-01	-3.107174e-01	-5.256249e-01	2.672441e-01	-6.376293e-02	2.353626e-01	-2.991255e-01
164           	4.246541e-01	-3.136347e-01	7.382888e-01	7.617958e-01	6.963631e-02	6.921595e-01	-3.112616e-01	-5.259617e-01	2.674714e-01	-6.377233e-02	2.355853e-01	-2.993576e-01
165           	4.250809e-01	-3.138801e-01	7.389609e-01	7.624874e-01	6.933043e-02	6.931570e-01	-3.119133e-01	-5.264205e-01	2.677336e-01	-6.381759e-02	2.358248e-01	-2.996424e-01
166           	4.255380e-01	-3.141310e-01	7.396691e-01	7.632068e-01	6.903806e-02	6.941687e-01	-3.125653e-01	-5.269000e-01	2.679642e-01	-6.389620e-02	2.360161e-01	-2.999123e-01
167           	4.260157e-01	-3.143893e-01	7.404050e-01	7.639387e-01	6.877404e-02	6.951646e-01	-3.131953e-01	-5.273972e-01	2.681693e-01	-6.400070e-02	2.361690e-01	-3.001697e-01
168           	4.264765e-01	-3.146362e-01	7.411128e-01	7.646308e-01	6.855917e-02	6.960716e-01	-3.137562e-01	-5.278745e-01	2.683359e-01	-6.412196e-02	2.362749e-01	-3.003968e-01
169           	4.268322e-01	-3.148282e-01	7.416604e-01	7.651455e-01	6.842332e-02	6.967222e-01	-3.141494e-01	-5.282443e-01	2.684294e-01	-6.423907e-02	2.363099e-01	-3.005489e-01
170           	4.271432e-01	-3.149913e-01	7.421345e-01	7.655754e-01	6.834546e-02	6.972300e-01	-3.144422e-01	-5.285629e-01	2.684809e-01	-6.436140e-02	2.363002e-01	-3.006616e-01
171           	4.273367e-01	-3.150854e-01	7.424221e-01	7.658116e-01	6.834503e-02	6.974665e-01	-3.145608e-01	-5.287538e-01	2.684584e-01	-6.447178e-02	2.362225e-01	-3.006943e-01
172           	4.273936e-01	-3.151087e-01	7.425023e-01	7.658361e-01	6.842647e-02	6.974096e-01	-3.144916e-01	-5.288055e-01	2.683684e-01	-6.455991e-02	2.360885e-01	-3.006484e-01
173           	4.273161e-01	-3.150655e-01	7.423815e-01	7.656579e-01	6.858363e-02	6.970743e-01	-3.142453e-01	-5.287235e-01	2.682239e-01	-6.461908e-02	2.359143e-01	-3.005334e-01
174           	4.271153e-01	-3.149627e-01	7.420779e-01	7.652999e-01	6.880204e-02	6.964978e-01	-3.138479e-01	-5.285203e-01	2.680359e-01	-6.464797e-02	2.357119e-01	-3.003599e-01
175           	4.268051e-01	-3.148095e-01	7.416146e-01	7.647904e-01	6.906667e-02	6.957237e-01	-3.133285e-01	-5.282120e-01	2.678180e-01	-6.464375e-02	2.354961e-01	-3.001399e-01
176           	4.264007e-01	-3.146163e-01	7.410170e-01	7.641594e-01	6.936009e-02	6.947993e-01	-3.127196e-01	-5.278166e-01	2.675814e-01	-6.460781e-02	2.352775e-01	-2.998853e-01
177           	4.258829e-01	-3.143710e-01	7.402540e-01	7.633716e-01	6.967179e-02	6.936998e-01	-3.120140e-01	-5.273125e-01	2.673146e-01	-6.453707e-02	2.350461e-01	-2.995832e-01
178           	4.253634e-01	-3.141344e-01	7.394978e-01	7.626116e-01	6.995407e-02	6.926575e-01	-3.113517e-01	-5.268161e-01	2.670848e-01	-6.444224e-02	2.348637e-01	-2.993059e-01
179           	4.248447e-01	-3.139039e-01	7.387487e-01	7.618838e-01	7.020002e-02	6.916838e-01	-3.107419e-01	-5.263263e-01	2.668859e-01	-6.432759e-02	2.347221e-01	-2.990497e-01
180           	4.243667e-01	-3.137008e-01	7.380675e-01	7.612519e-01	7.039232e-02	6.908596e-01	-3.102336e-01	-5.258841e-01	2.667356e-01	-6.420232e-02	2.346344e-01	-2.988367e-01
181           	4.239946e-01	-3.135569e-01	7.375515e-01	7.608176e-01	7.051176e-02	6.903059e-01	-3.098971e-01	-5.255542e-01	2.666572e-01	-6.408275e-02	2.346158e-01	-2.986986e-01
182           	4.236695e-01	-3.134493e-01	7.371189e-01	7.604912e-01	7.057587e-02	6.899153e-01	-3.096697e-01	-5.252841e-01	2.666198e-01	-6.396145e-02	2.346391e-01	-2.986005e-01
183           	4.234791e-01	-3.134075e-01	7.368866e-01	7.603882e-01	7.055272e-02	6.898355e-01	-3.096414e-01	-5.251471e-01	2.666482e-01	-6.385976e-02	2.347183e-01	-2.985781e-01
184           	4.234228e-01	-3.134355e-01	7.368584e-01	7.605046e-01	7.046030e-02	6.900443e-01	-3.097920e-01	-5.251469e-01	2.667372e-01	-6.378429e-02	2.348450e-01	-2.986293e-01
185           	4.234988e-01	-3.135302e-01	7.370290e-01	7.608315e-01	7.031536e-02	6.905162e-01	-3.101004e-01	-5.252796e-01	2.668752e-01	-6.374056e-02	2.350049e-01	-2.987455e-01
186           	4.236981e-01	-3.136854e-01	7.373834e-01	7.613502e-01	7.013541e-02	6.912148e-01	-3.105397e-01	-5.255344e-01	2.670508e-01	-6.373219e-02	2.351847e-01	-2.989169e-01
187           	4.240021e-01	-3.138897e-01	7.378918e-01	7.620283e-01	6.993932e-02	6.920890e-01	-3.110748e-01	-5.258908e-01	2.672506e-01	-6.375821e-02	2.353715e-01	-2.991297e-01
188           	4.244114e-01	-3.141451e-01	7.385565e-01	7.628663e-01	6.973898e-02	6.931273e-01	-3.116942e-01	-5.263508e-01	2.674745e-01	-6.381928e-02	2.355648e-01	-2.993841e-01
189           	4.248423e-01	-3.143949e-01	7.392372e-01	7.637074e-01	6.956121e-02	6.941462e-01	-3.122925e-01	-5.268161e-01	2.676613e-01	-6.391036e-02	2.357061e-01	-2.996165e-01
190           	4.252901e-01	-3.146436e-01	7.399338e-01	7.645504e-01	6.942087e-02	6.951296e-01	-3.128543e-01	-5.272887e-01	2.678227e-01	-6.402388e-02	2.358107e-01	-2.998346e-01
191           	4.257070e-01	-3.148710e-01	7.405781e-01	7.653234e-01	6.934121e-02	6.959822e-01	-3.133205e-01	-5.277245e-01	2.679448e-01	-6.414691e-02	2.358714e-01	-3.000183e-01
192           	4.260314e-01	-3.150454e-01	7.410768e-01	7.659197e-01	6.933293e-02	6.965868e-01	-3.136269e-01	-5.280611e-01	2.680031e-01	-6.426584e-02	2.358702e-01	-3.001360e-01
193           	4.263242e-01	-3.151818e-01	7.415060e-01	7.664323e-01	6.937423e-02	6.970581e-01	-3.138419e-01	-5.283439e-01	2.680250e-01	-6.438670e-02	2.358317e-01	-3.002184e-01
194           	4.265141e-01	-3.152546e-01	7.417688e-01	7.667561e-01	6.948079e-02	6.972753e-01	-3.138973e-01	-5.285117e-01	2.679911e-01	-6.449182e-02	2.357452e-01	-3.002370e-01
195           	4.265954e-01	-3.152653e-01	7.418606e-01	7.668881e-01	6.964725e-02	6.972409e-01	-3.137968e-01	-5.285629e-01	2.679117e-01	-6.457278e-02	2.356253e-01	-3.001981e-01
196           	4.265729e-01	-3.152170e-01	7.417899e-01	7.668376e-01	6.985813e-02	6.969794e-01	-3.135607e-01	-5.285034e-01	2.677948e-01	-6.462742e-02	2.354810e-01	-3.001085e-01
197           	4.264540e-01	-3.151152e-01	7.415692e-01	7.666199e-01	7.009616e-02	6.965237e-01	-3.132138e-01	-5.283422e-01	2.676497e-01	-6.465280e-02	2.353233e-01	-2.999761e-01
198           	4.262463e-01	-3.149686e-01	7.412150e-01	7.662537e-01	7.034525e-02	6.959085e-01	-3.127816e-01	-5.280918e-01	2.674856e-01	-6.464797e-02	2.351616e-01	-2.998096e-01
199           	4.259342e-01	-3.147686e-01	7.407029e-01	7.657121e-01	7.059666e-02	6.951155e-01	-3.122594e-01	-5.277358e-01	2.672940e-01	-6.461078e-02	2.349886e-01	-2.995994e-01
200           	4.255811e-01	-3.145623e-01	7.401434e-01	7.651070e-01	7.081505e-02	6.942920e-01	-3.117385e-01	-5.273528e-01	2.671226e-01	-6.454481e-02	2.348502e-01	-2.993950e-01
