# Force and moment coefficients
# dragDir     : (9.135452e-01 4.067371e-01 0.000000e+00)
# sideDir     : (0.000000e+00 0.000000e+00 -1.000000e+00)
# liftDir     : (-4.067371e-01 9.135452e-01 0.000000e+00)
# rollAxis    : (9.135452e-01 4.067371e-01 0.000000e+00)
# pitchAxis   : (0.000000e+00 0.000000e+00 -1.000000e+00)
# yawAxis     : (-4.067371e-01 9.135452e-01 0.000000e+00)
# magUInf     : 7.000000e+00
# lRef        : 7.971260e-02
# Aref        : 9.565510e-03
# CofR        : (1.992810e-02 0.000000e+00 0.000000e+00)
#
# Time        	Cd            	Cd(f)         	Cd(r)         	Cl            	Cl(f)         	Cl(r)         	CmPitch       	CmRoll        	CmYaw         	Cs            	Cs(f)         	Cs(r)         
1             	1.792708e+00	-1.149774e+00	2.942482e+00	3.423512e+00	-3.211022e-02	3.455622e+00	-1.743866e+00	-2.046128e+00	1.028986e+00	-6.020588e-02	9.988827e-01	-1.059089e+00
2             	9.706455e-01	-7.364654e-01	1.707111e+00	1.987400e+00	2.544675e-01	1.732932e+00	-7.392324e-01	-1.221788e+00	5.700890e-01	-6.259595e-02	5.387911e-01	-6.013870e-01
3             	6.386655e-01	-6.098118e-01	1.248477e+00	1.484589e+00	3.538409e-01	1.130749e+00	-3.884538e-01	-9.291445e-01	3.785512e-01	-7.519337e-02	3.409545e-01	-4.161479e-01
4             	5.219052e-01	-6.058795e-01	1.127785e+00	1.375758e+00	3.794628e-01	9.962949e-01	-3.084160e-01	-8.668321e-01	3.086465e-01	-8.993929e-02	2.636769e-01	-3.536162e-01
5             	4.634197e-01	-6.277424e-01	1.091162e+00	1.355120e+00	3.956912e-01	9.594292e-01	-2.818690e-01	-8.594523e-01	2.737427e-01	-1.036751e-01	2.219051e-01	-3.255803e-01
6             	4.302112e-01	-6.523448e-01	1.082556e+00	1.359717e+00	4.054842e-01	9.542329e-01	-2.743744e-01	-8.674504e-01	2.539040e-01	-1.149462e-01	1.964309e-01	-3.113771e-01
7             	4.091000e-01	-6.729136e-01	1.082014e+00	1.368991e+00	4.116853e-01	9.573053e-01	-2.728100e-01	-8.774636e-01	2.413978e-01	-1.236722e-01	1.795617e-01	-3.032340e-01
8             	3.955571e-01	-6.883517e-01	1.083909e+00	1.377705e+00	4.160454e-01	9.616594e-01	-2.728070e-01	-8.861303e-01	2.337036e-01	-1.300092e-01	1.686990e-01	-2.987081e-01
9             	3.882423e-01	-7.009742e-01	1.089216e+00	1.386951e+00	4.192494e-01	9.677011e-01	-2.742258e-01	-8.950953e-01	2.304229e-01	-1.343805e-01	1.632326e-01	-2.976131e-01
10            	3.858822e-01	-7.113224e-01	1.097205e+00	1.396624e+00	4.216042e-01	9.750193e-01	-2.767076e-01	-9.042635e-01	2.307706e-01	-1.371678e-01	1.621867e-01	-2.993545e-01
11            	3.873234e-01	-7.193863e-01	1.106710e+00	1.406349e+00	4.238582e-01	9.824906e-01	-2.793162e-01	-9.130479e-01	2.338889e-01	-1.386196e-01	1.645791e-01	-3.031987e-01
12            	3.916681e-01	-7.259722e-01	1.117640e+00	1.416491e+00	4.263253e-01	9.901660e-01	-2.819203e-01	-9.218063e-01	2.391431e-01	-1.390728e-01	1.696066e-01	-3.086795e-01
13            	3.980318e-01	-7.312542e-01	1.129286e+00	1.426530e+00	4.285315e-01	9.979984e-01	-2.847335e-01	-9.302701e-01	2.458776e-01	-1.386841e-01	1.765356e-01	-3.152196e-01
14            	4.060850e-01	-7.355076e-01	1.141593e+00	1.437026e+00	4.304722e-01	1.006553e+00	-2.880406e-01	-9.385501e-01	2.535933e-01	-1.376816e-01	1.847525e-01	-3.224342e-01
15            	4.155979e-01	-7.386600e-01	1.154258e+00	1.447870e+00	4.319023e-01	1.015968e+00	-2.920327e-01	-9.464590e-01	2.621431e-01	-1.361059e-01	1.940901e-01	-3.301960e-01
16            	4.263460e-01	-7.406950e-01	1.167041e+00	1.458886e+00	4.324994e-01	1.026387e+00	-2.969436e-01	-9.538680e-01	2.714551e-01	-1.340247e-01	2.044427e-01	-3.384674e-01
17            	4.379962e-01	-7.413543e-01	1.179350e+00	1.469944e+00	4.324196e-01	1.037525e+00	-3.025525e-01	-9.603524e-01	2.811683e-01	-1.315298e-01	2.154034e-01	-3.469332e-01
18            	4.498171e-01	-7.402476e-01	1.190065e+00	1.480077e+00	4.316933e-01	1.048384e+00	-3.083451e-01	-9.651561e-01	2.906637e-01	-1.287023e-01	2.263125e-01	-3.550149e-01
19            	4.612782e-01	-7.371804e-01	1.198459e+00	1.488559e+00	4.302478e-01	1.058311e+00	-3.140315e-01	-9.678194e-01	2.994251e-01	-1.257133e-01	2.365685e-01	-3.622817e-01
20            	4.715145e-01	-7.316285e-01	1.203143e+00	1.493934e+00	4.278704e-01	1.066064e+00	-3.190968e-01	-9.673858e-01	3.068145e-01	-1.226455e-01	2.454918e-01	-3.681372e-01
21            	4.808328e-01	-7.239723e-01	1.204805e+00	1.497101e+00	4.246181e-01	1.072483e+00	-3.239325e-01	-9.643887e-01	3.129016e-01	-1.196665e-01	2.530683e-01	-3.727348e-01
22            	4.887102e-01	-7.145538e-01	1.203264e+00	1.497532e+00	4.206093e-01	1.076923e+00	-3.281567e-01	-9.589089e-01	3.173694e-01	-1.169102e-01	2.589143e-01	-3.758245e-01
23            	4.944052e-01	-7.014656e-01	1.195871e+00	1.492589e+00	4.147135e-01	1.077875e+00	-3.315808e-01	-9.486681e-01	3.194842e-01	-1.141312e-01	2.624186e-01	-3.765498e-01
24            	4.982493e-01	-6.854546e-01	1.183704e+00	1.483078e+00	4.072290e-01	1.075849e+00	-3.343100e-01	-9.345792e-01	3.196266e-01	-1.114013e-01	2.639260e-01	-3.753272e-01
25            	5.013102e-01	-6.683061e-01	1.169616e+00	1.471097e+00	3.982022e-01	1.072895e+00	-3.373466e-01	-9.189612e-01	3.188313e-01	-1.088651e-01	2.643987e-01	-3.732638e-01
26            	5.050228e-01	-6.522043e-01	1.157227e+00	1.458965e+00	3.874459e-01	1.071519e+00	-3.420365e-01	-9.047157e-01	3.186982e-01	-1.064682e-01	2.654641e-01	-3.719323e-01
27            	5.082779e-01	-6.369209e-01	1.145199e+00	1.445233e+00	3.754333e-01	1.069799e+00	-3.471830e-01	-8.910598e-01	3.186613e-01	-1.040046e-01	2.666589e-01	-3.706636e-01
28            	5.121583e-01	-6.212530e-01	1.133411e+00	1.430770e+00	3.615499e-01	1.069220e+00	-3.538350e-01	-8.773321e-01	3.188815e-01	-1.012496e-01	2.682567e-01	-3.695063e-01
29            	5.161810e-01	-6.064223e-01	1.122603e+00	1.415816e+00	3.467629e-01	1.069053e+00	-3.611450e-01	-8.645128e-01	3.194211e-01	-9.847939e-02	2.701814e-01	-3.686608e-01
30            	5.203136e-01	-5.918208e-01	1.112134e+00	1.400543e+00	3.313701e-01	1.069173e+00	-3.689016e-01	-8.519776e-01	3.198439e-01	-9.568502e-02	2.720014e-01	-3.676864e-01
31            	5.242991e-01	-5.779672e-01	1.102266e+00	1.385165e+00	3.156655e-01	1.069499e+00	-3.769168e-01	-8.401168e-01	3.200830e-01	-9.302648e-02	2.735698e-01	-3.665963e-01
32            	5.275924e-01	-5.644037e-01	1.091996e+00	1.368715e+00	2.993163e-01	1.069399e+00	-3.850412e-01	-8.281999e-01	3.197405e-01	-9.052058e-02	2.744802e-01	-3.650008e-01
33            	5.298069e-01	-5.511593e-01	1.080966e+00	1.350884e+00	2.826466e-01	1.068238e+00	-3.927955e-01	-8.160627e-01	3.186220e-01	-8.822707e-02	2.745085e-01	-3.627355e-01
34            	5.306521e-01	-5.380665e-01	1.068719e+00	1.331216e+00	2.658098e-01	1.065406e+00	-3.997981e-01	-8.033925e-01	3.166568e-01	-8.613593e-02	2.735888e-01	-3.597248e-01
35            	5.300329e-01	-5.250558e-01	1.055089e+00	1.309440e+00	2.489098e-01	1.060530e+00	-4.058102e-01	-7.900722e-01	3.139517e-01	-8.422654e-02	2.718384e-01	-3.560649e-01
36            	5.274738e-01	-5.121310e-01	1.039605e+00	1.284613e+00	2.320788e-01	1.052534e+00	-4.102277e-01	-7.758679e-01	3.104954e-01	-8.249758e-02	2.692466e-01	-3.517442e-01
37            	5.225330e-01	-4.991731e-01	1.021706e+00	1.255792e+00	2.154358e-01	1.040356e+00	-4.124600e-01	-7.604396e-01	3.061991e-01	-8.093097e-02	2.657336e-01	-3.466646e-01
38            	5.145874e-01	-4.858746e-01	1.000462e+00	1.222048e+00	1.994019e-01	1.022646e+00	-4.116221e-01	-7.431683e-01	3.007538e-01	-7.944528e-02	2.610312e-01	-3.404765e-01
39            	5.033871e-01	-4.726082e-01	9.759953e-01	1.183259e+00	1.844006e-01	9.988580e-01	-4.072287e-01	-7.243017e-01	2.942162e-01	-7.803739e-02	2.551975e-01	-3.332349e-01
40            	4.877248e-01	-4.584145e-01	9.461393e-01	1.136745e+00	1.702269e-01	9.665182e-01	-3.981457e-01	-7.022769e-01	2.859093e-01	-7.654691e-02	2.476359e-01	-3.241828e-01
41            	4.691392e-01	-4.441252e-01	9.132644e-01	1.085247e+00	1.570171e-01	9.282301e-01	-3.856065e-01	-6.786948e-01	2.766847e-01	-7.504541e-02	2.391620e-01	-3.142074e-01
42            	4.488919e-01	-4.303519e-01	8.792438e-01	1.030966e+00	1.450585e-01	8.859079e-01	-3.704247e-01	-6.547978e-01	2.671898e-01	-7.357855e-02	2.304005e-01	-3.039791e-01
43            	4.260934e-01	-4.169978e-01	8.430912e-01	9.725852e-01	1.350104e-01	8.375748e-01	-3.512822e-01	-6.300445e-01	2.571253e-01	-7.207304e-02	2.210888e-01	-2.931618e-01
44            	4.012134e-01	-4.040283e-01	8.052417e-01	9.115574e-01	1.277119e-01	7.838455e-01	-3.280668e-01	-6.046350e-01	2.465632e-01	-7.047980e-02	2.113233e-01	-2.818031e-01
45            	3.763262e-01	-3.914940e-01	7.678202e-01	8.520123e-01	1.230869e-01	7.289254e-01	-3.029193e-01	-5.796571e-01	2.361467e-01	-6.878445e-02	2.017545e-01	-2.705389e-01
46            	3.514045e-01	-3.784133e-01	7.298178e-01	7.935707e-01	1.207441e-01	6.728266e-01	-2.760412e-01	-5.541156e-01	2.255282e-01	-6.684680e-02	1.921048e-01	-2.589516e-01
47            	3.273692e-01	-3.650512e-01	6.924204e-01	7.386151e-01	1.206812e-01	6.179339e-01	-2.486263e-01	-5.287358e-01	2.149523e-01	-6.467636e-02	1.826141e-01	-2.472905e-01
48            	3.057980e-01	-3.518854e-01	6.576834e-01	6.907637e-01	1.225823e-01	5.681814e-01	-2.227996e-01	-5.047844e-01	2.048892e-01	-6.237103e-02	1.737037e-01	-2.360747e-01
49            	2.896661e-01	-3.407624e-01	6.304285e-01	6.568449e-01	1.263666e-01	5.304783e-01	-2.020558e-01	-4.855954e-01	1.966999e-01	-6.013352e-02	1.666332e-01	-2.267667e-01
50            	2.801318e-01	-3.337241e-01	6.138558e-01	6.400685e-01	1.320243e-01	5.080442e-01	-1.880099e-01	-4.737900e-01	1.913572e-01	-5.826218e-02	1.622261e-01	-2.204883e-01
51            	2.762537e-01	-3.309624e-01	6.072161e-01	6.395509e-01	1.398577e-01	4.996932e-01	-1.799177e-01	-4.690892e-01	1.883750e-01	-5.672951e-02	1.600102e-01	-2.167398e-01
52            	2.788193e-01	-3.337284e-01	6.125478e-01	6.565239e-01	1.493862e-01	5.071377e-01	-1.788758e-01	-4.731381e-01	1.884424e-01	-5.571567e-02	1.605846e-01	-2.163003e-01
53            	2.885522e-01	-3.425874e-01	6.311396e-01	6.915069e-01	1.598472e-01	5.316598e-01	-1.859063e-01	-4.868635e-01	1.920914e-01	-5.538524e-02	1.643988e-01	-2.197840e-01
54            	3.050154e-01	-3.568801e-01	6.618955e-01	7.428762e-01	1.709812e-01	5.718950e-01	-2.004569e-01	-5.093878e-01	1.990647e-01	-5.583503e-02	1.711472e-01	-2.269822e-01
55            	3.247595e-01	-3.738190e-01	6.985785e-01	8.028819e-01	1.825872e-01	6.202947e-01	-2.188538e-01	-5.361988e-01	2.073840e-01	-5.694199e-02	1.789130e-01	-2.358550e-01
56            	3.452620e-01	-3.912580e-01	7.365200e-01	8.656808e-01	1.947917e-01	6.708892e-01	-2.380487e-01	-5.638890e-01	2.157157e-01	-5.858649e-02	1.864224e-01	-2.450089e-01
57            	3.638491e-01	-4.068201e-01	7.706692e-01	9.245193e-01	2.070038e-01	7.175155e-01	-2.552559e-01	-5.887446e-01	2.226861e-01	-6.058649e-02	1.923928e-01	-2.529793e-01
58            	3.778834e-01	-4.186922e-01	7.965756e-01	9.726351e-01	2.181996e-01	7.544355e-01	-2.681180e-01	-6.076339e-01	2.272347e-01	-6.266452e-02	1.959024e-01	-2.585669e-01
59            	3.875199e-01	-4.262171e-01	8.137370e-01	1.009591e+00	2.278651e-01	7.817260e-01	-2.769304e-01	-6.199770e-01	2.293035e-01	-6.457659e-02	1.970152e-01	-2.615918e-01
60            	3.927224e-01	-4.297840e-01	8.225064e-01	1.034739e+00	2.356476e-01	7.990910e-01	-2.817217e-01	-6.261452e-01	2.292133e-01	-6.613247e-02	1.961471e-01	-2.622795e-01
61            	3.939867e-01	-4.297361e-01	8.237227e-01	1.048956e+00	2.414401e-01	8.075159e-01	-2.830379e-01	-6.267294e-01	2.272233e-01	-6.718627e-02	1.936302e-01	-2.608164e-01
62            	3.934064e-01	-4.276251e-01	8.210315e-01	1.056230e+00	2.450935e-01	8.111362e-01	-2.830214e-01	-6.243283e-01	2.246348e-01	-6.779317e-02	1.907382e-01	-2.585314e-01
63            	3.927153e-01	-4.244643e-01	8.171796e-01	1.059932e+00	2.466303e-01	8.133021e-01	-2.833359e-01	-6.208219e-01	2.223660e-01	-6.804314e-02	1.883445e-01	-2.563876e-01
64            	3.929254e-01	-4.209746e-01	8.139001e-01	1.062149e+00	2.461419e-01	8.160075e-01	-2.849328e-01	-6.174373e-01	2.209901e-01	-6.804293e-02	1.869687e-01	-2.550116e-01
65            	3.940717e-01	-4.171719e-01	8.112436e-01	1.063267e+00	2.438414e-01	8.194252e-01	-2.877919e-01	-6.142077e-01	2.203978e-01	-6.785952e-02	1.864681e-01	-2.543276e-01
66            	3.956863e-01	-4.129812e-01	8.086676e-01	1.062765e+00	2.400211e-01	8.227439e-01	-2.913614e-01	-6.108244e-01	2.202538e-01	-6.754261e-02	1.864825e-01	-2.540251e-01
67            	3.971136e-01	-4.081664e-01	8.052800e-01	1.059634e+00	2.348083e-01	8.248260e-01	-2.950089e-01	-6.067232e-01	2.201156e-01	-6.709586e-02	1.865676e-01	-2.536635e-01
68            	3.972627e-01	-4.029139e-01	8.001766e-01	1.052883e+00	2.290034e-01	8.238797e-01	-2.974382e-01	-6.015453e-01	2.194837e-01	-6.651964e-02	1.862239e-01	-2.527435e-01
69            	3.955779e-01	-3.969801e-01	7.925580e-01	1.041205e+00	2.222595e-01	8.189453e-01	-2.983429e-01	-5.947690e-01	2.180949e-01	-6.582391e-02	1.851830e-01	-2.510069e-01
70            	3.923509e-01	-3.912502e-01	7.836010e-01	1.026291e+00	2.155609e-01	8.107305e-01	-2.975848e-01	-5.874256e-01	2.162260e-01	-6.510990e-02	1.836711e-01	-2.487810e-01
71            	3.870733e-01	-3.857361e-01	7.728094e-01	1.007199e+00	2.088167e-01	7.983820e-01	-2.947826e-01	-5.792727e-01	2.137811e-01	-6.438067e-02	1.815908e-01	-2.459715e-01
72            	3.801119e-01	-3.809653e-01	7.610772e-01	9.851210e-01	2.024945e-01	7.826266e-01	-2.900660e-01	-5.710212e-01	2.110625e-01	-6.370244e-02	1.792113e-01	-2.429137e-01
73            	3.717132e-01	-3.771670e-01	7.488802e-01	9.606997e-01	1.967527e-01	7.639470e-01	-2.835972e-01	-5.630236e-01	2.082931e-01	-6.310682e-02	1.767397e-01	-2.398465e-01
74            	3.621685e-01	-3.744620e-01	7.366305e-01	9.344576e-01	1.916056e-01	7.428520e-01	-2.756232e-01	-5.555463e-01	2.056813e-01	-6.261944e-02	1.743716e-01	-2.369910e-01
75            	3.525567e-01	-3.725475e-01	7.251041e-01	9.085497e-01	1.871790e-01	7.213707e-01	-2.670958e-01	-5.488258e-01	2.033945e-01	-6.221515e-02	1.722869e-01	-2.345021e-01
76            	3.432006e-01	-3.711081e-01	7.143088e-01	8.834895e-01	1.832881e-01	7.002014e-01	-2.584566e-01	-5.427085e-01	2.014256e-01	-6.186333e-02	1.704940e-01	-2.323573e-01
77            	3.343234e-01	-3.697465e-01	7.040698e-01	8.596595e-01	1.797951e-01	6.798644e-01	-2.500347e-01	-5.369081e-01	1.996706e-01	-6.150919e-02	1.689160e-01	-2.304252e-01
78            	3.261528e-01	-3.683445e-01	6.944972e-01	8.376454e-01	1.767551e-01	6.608903e-01	-2.420676e-01	-5.314208e-01	1.980973e-01	-6.112732e-02	1.675336e-01	-2.286609e-01
79            	3.189774e-01	-3.666468e-01	6.856242e-01	8.177912e-01	1.738512e-01	6.439399e-01	-2.350444e-01	-5.261355e-01	1.966654e-01	-6.070149e-02	1.663147e-01	-2.270162e-01
80            	3.127104e-01	-3.644353e-01	6.771457e-01	7.998427e-01	1.709721e-01	6.288705e-01	-2.289492e-01	-5.207905e-01	1.952353e-01	-6.021408e-02	1.651282e-01	-2.253423e-01
81            	3.078327e-01	-3.616220e-01	6.694547e-01	7.845150e-01	1.679008e-01	6.166141e-01	-2.243566e-01	-5.155384e-01	1.938958e-01	-5.966001e-02	1.640658e-01	-2.237258e-01
82            	3.046720e-01	-3.583299e-01	6.630020e-01	7.724887e-01	1.646459e-01	6.078428e-01	-2.215985e-01	-5.106660e-01	1.927547e-01	-5.904696e-02	1.632312e-01	-2.222782e-01
83            	3.016348e-01	-3.546709e-01	6.563058e-01	7.613899e-01	1.618572e-01	5.995327e-01	-2.188378e-01	-5.054884e-01	1.913768e-01	-5.833847e-02	1.622075e-01	-2.205460e-01
84            	2.986343e-01	-3.507560e-01	6.493903e-01	7.511108e-01	1.595051e-01	5.916057e-01	-2.160503e-01	-5.000732e-01	1.897761e-01	-5.756143e-02	1.609954e-01	-2.185568e-01
85            	2.969138e-01	-3.470513e-01	6.439652e-01	7.439313e-01	1.573793e-01	5.865519e-01	-2.145863e-01	-4.955083e-01	1.884486e-01	-5.683909e-02	1.600291e-01	-2.168681e-01
86            	2.955018e-01	-3.434974e-01	6.389992e-01	7.382599e-01	1.557570e-01	5.825029e-01	-2.133729e-01	-4.912483e-01	1.870723e-01	-5.613812e-02	1.590033e-01	-2.151414e-01
87            	2.939241e-01	-3.402518e-01	6.341758e-01	7.335011e-01	1.548442e-01	5.786569e-01	-2.119064e-01	-4.872138e-01	1.855312e-01	-5.548095e-02	1.577907e-01	-2.132717e-01
88            	2.925189e-01	-3.373890e-01	6.299078e-01	7.300254e-01	1.543219e-01	5.757036e-01	-2.106908e-01	-4.836484e-01	1.839665e-01	-5.491662e-02	1.565082e-01	-2.114248e-01
89            	2.909564e-01	-3.349062e-01	6.258626e-01	7.272346e-01	1.543419e-01	5.728927e-01	-2.092754e-01	-4.803844e-01	1.822735e-01	-5.444625e-02	1.550504e-01	-2.094966e-01
90            	2.891722e-01	-3.329020e-01	6.220742e-01	7.249534e-01	1.549457e-01	5.700078e-01	-2.075311e-01	-4.774881e-01	1.804948e-01	-5.407989e-02	1.534548e-01	-2.075347e-01
91            	2.873219e-01	-3.315005e-01	6.188224e-01	7.233836e-01	1.561386e-01	5.672450e-01	-2.055532e-01	-4.751615e-01	1.787605e-01	-5.382573e-02	1.518476e-01	-2.056733e-01
92            	2.855831e-01	-3.307598e-01	6.163429e-01	7.227169e-01	1.578888e-01	5.648281e-01	-2.034696e-01	-4.735513e-01	1.771851e-01	-5.368558e-02	1.503423e-01	-2.040279e-01
93            	2.841201e-01	-3.306762e-01	6.147963e-01	7.231318e-01	1.601522e-01	5.629795e-01	-2.014137e-01	-4.727362e-01	1.758504e-01	-5.365106e-02	1.490249e-01	-2.026760e-01
94            	2.830063e-01	-3.311911e-01	6.141974e-01	7.246275e-01	1.628398e-01	5.617877e-01	-1.994740e-01	-4.726943e-01	1.747990e-01	-5.370512e-02	1.479464e-01	-2.016515e-01
95            	2.825178e-01	-3.322637e-01	6.147815e-01	7.275791e-01	1.658338e-01	5.617453e-01	-1.979558e-01	-4.735226e-01	1.741410e-01	-5.383180e-02	1.472251e-01	-2.010569e-01
96            	2.828651e-01	-3.338196e-01	6.166847e-01	7.322563e-01	1.689917e-01	5.632646e-01	-1.971364e-01	-4.752521e-01	1.739493e-01	-5.401588e-02	1.469413e-01	-2.009572e-01
97            	2.841968e-01	-3.358240e-01	6.200208e-01	7.388616e-01	1.722019e-01	5.666597e-01	-1.972289e-01	-4.779224e-01	1.742905e-01	-5.424712e-02	1.471670e-01	-2.014141e-01
98            	2.865291e-01	-3.381569e-01	6.246860e-01	7.474158e-01	1.753929e-01	5.720229e-01	-1.983150e-01	-4.814215e-01	1.751197e-01	-5.451551e-02	1.478620e-01	-2.023775e-01
99            	2.898754e-01	-3.407296e-01	6.306050e-01	7.579486e-01	1.785162e-01	5.794324e-01	-2.004581e-01	-4.856673e-01	1.763921e-01	-5.482288e-02	1.489807e-01	-2.038035e-01
100           	2.940851e-01	-3.433695e-01	6.374546e-01	7.702313e-01	1.815730e-01	5.886583e-01	-2.035426e-01	-4.904121e-01	1.779556e-01	-5.516034e-02	1.503754e-01	-2.055357e-01
101           	2.988850e-01	-3.458788e-01	6.447638e-01	7.838252e-01	1.846161e-01	5.992091e-01	-2.072965e-01	-4.953213e-01	1.796028e-01	-5.551750e-02	1.518441e-01	-2.073616e-01
102           	3.037363e-01	-3.480092e-01	6.517455e-01	7.976664e-01	1.875751e-01	6.100914e-01	-2.112582e-01	-4.998774e-01	1.810442e-01	-5.587722e-02	1.531056e-01	-2.089828e-01
103           	3.085019e-01	-3.497339e-01	6.582358e-01	8.114945e-01	1.904229e-01	6.210716e-01	-2.153244e-01	-5.039848e-01	1.822115e-01	-5.623149e-02	1.540957e-01	-2.103272e-01
104           	3.131541e-01	-3.510813e-01	6.642354e-01	8.250743e-01	1.930096e-01	6.320647e-01	-2.195276e-01	-5.076583e-01	1.831391e-01	-5.657953e-02	1.548493e-01	-2.114288e-01
105           	3.173660e-01	-3.520687e-01	6.694346e-01	8.377206e-01	1.953249e-01	6.423957e-01	-2.235354e-01	-5.107516e-01	1.837599e-01	-5.690691e-02	1.553064e-01	-2.122134e-01
106           	3.210420e-01	-3.527636e-01	6.738056e-01	8.491142e-01	1.973424e-01	6.517718e-01	-2.272147e-01	-5.132846e-01	1.841150e-01	-5.721110e-02	1.555094e-01	-2.127205e-01
107           	3.238991e-01	-3.532060e-01	6.771050e-01	8.585940e-01	1.990332e-01	6.595608e-01	-2.302638e-01	-5.151555e-01	1.841934e-01	-5.747967e-02	1.554535e-01	-2.129332e-01
108           	3.261646e-01	-3.536458e-01	6.798104e-01	8.663181e-01	2.002696e-01	6.660485e-01	-2.328894e-01	-5.167281e-01	1.842498e-01	-5.774080e-02	1.553794e-01	-2.131202e-01
109           	3.275679e-01	-3.541048e-01	6.816727e-01	8.716573e-01	2.011043e-01	6.705530e-01	-2.347244e-01	-5.178887e-01	1.842619e-01	-5.798650e-02	1.552686e-01	-2.132551e-01
110           	3.275346e-01	-3.544455e-01	6.819802e-01	8.734989e-01	2.016831e-01	6.718158e-01	-2.350663e-01	-5.182128e-01	1.840332e-01	-5.818827e-02	1.549391e-01	-2.131274e-01
111           	3.261714e-01	-3.547200e-01	6.808914e-01	8.719663e-01	2.020431e-01	6.699232e-01	-2.339401e-01	-5.178057e-01	1.836408e-01	-5.834393e-02	1.544688e-01	-2.128128e-01
112           	3.236934e-01	-3.550685e-01	6.787618e-01	8.674871e-01	2.022191e-01	6.652680e-01	-2.315244e-01	-5.169152e-01	1.831964e-01	-5.846413e-02	1.539644e-01	-2.124285e-01
113           	3.207017e-01	-3.556693e-01	6.763710e-01	8.612661e-01	2.021868e-01	6.590793e-01	-2.284463e-01	-5.160201e-01	1.829205e-01	-5.857347e-02	1.536338e-01	-2.122072e-01
114           	3.178158e-01	-3.564540e-01	6.742698e-01	8.546303e-01	2.019207e-01	6.527096e-01	-2.253944e-01	-5.153619e-01	1.828732e-01	-5.867871e-02	1.535339e-01	-2.122126e-01
115           	3.157010e-01	-3.574323e-01	6.731333e-01	8.491396e-01	2.015135e-01	6.476261e-01	-2.230563e-01	-5.152828e-01	1.831579e-01	-5.878661e-02	1.537646e-01	-2.125512e-01
116           	3.142809e-01	-3.586235e-01	6.729045e-01	8.447942e-01	2.008521e-01	6.439421e-01	-2.215450e-01	-5.157640e-01	1.837150e-01	-5.892155e-02	1.542542e-01	-2.131757e-01
117           	3.139270e-01	-3.598152e-01	6.737422e-01	8.423637e-01	1.998524e-01	6.425113e-01	-2.213294e-01	-5.167787e-01	1.845199e-01	-5.906747e-02	1.549861e-01	-2.140536e-01
118           	3.143739e-01	-3.608999e-01	6.752738e-01	8.414669e-01	1.985898e-01	6.428770e-01	-2.221436e-01	-5.180869e-01	1.854344e-01	-5.922052e-02	1.558242e-01	-2.150447e-01
119           	3.151951e-01	-3.617871e-01	6.769822e-01	8.414063e-01	1.971807e-01	6.442256e-01	-2.235225e-01	-5.193846e-01	1.863028e-01	-5.936912e-02	1.566183e-01	-2.159874e-01
120           	3.160282e-01	-3.623443e-01	6.783725e-01	8.414014e-01	1.955567e-01	6.458447e-01	-2.251440e-01	-5.203584e-01	1.870065e-01	-5.949514e-02	1.572590e-01	-2.167541e-01
121           	3.165781e-01	-3.626044e-01	6.791825e-01	8.408621e-01	1.938719e-01	6.469902e-01	-2.265592e-01	-5.208935e-01	1.875093e-01	-5.959173e-02	1.577135e-01	-2.173052e-01
122           	3.167072e-01	-3.625673e-01	6.792745e-01	8.395493e-01	1.923101e-01	6.472392e-01	-2.274646e-01	-5.209209e-01	1.877812e-01	-5.964659e-02	1.579579e-01	-2.176045e-01
123           	3.161774e-01	-3.622297e-01	6.784071e-01	8.370266e-01	1.909647e-01	6.460619e-01	-2.275486e-01	-5.203184e-01	1.877634e-01	-5.964659e-02	1.579401e-01	-2.175867e-01
124           	3.150009e-01	-3.616711e-01	6.766720e-01	8.332652e-01	1.898278e-01	6.434374e-01	-2.268048e-01	-5.191716e-01	1.875013e-01	-5.959165e-02	1.577055e-01	-2.172972e-01
125           	3.132934e-01	-3.609782e-01	6.742716e-01	8.284801e-01	1.889214e-01	6.395586e-01	-2.253186e-01	-5.176249e-01	1.870651e-01	-5.948423e-02	1.573230e-01	-2.168072e-01
126           	3.111580e-01	-3.602197e-01	6.713777e-01	8.228690e-01	1.881974e-01	6.346717e-01	-2.232371e-01	-5.157987e-01	1.865108e-01	-5.933216e-02	1.568448e-01	-2.161769e-01
127           	3.087637e-01	-3.593932e-01	6.681569e-01	8.167358e-01	1.875881e-01	6.291477e-01	-2.207798e-01	-5.137750e-01	1.858813e-01	-5.913668e-02	1.563129e-01	-2.154496e-01
128           	3.065403e-01	-3.585549e-01	6.650952e-01	8.108666e-01	1.870200e-01	6.238466e-01	-2.184133e-01	-5.118251e-01	1.853146e-01	-5.891780e-02	1.558557e-01	-2.147735e-01
129           	3.049164e-01	-3.577904e-01	6.627068e-01	8.061763e-01	1.865073e-01	6.196690e-01	-2.165809e-01	-5.102486e-01	1.849344e-01	-5.869789e-02	1.555855e-01	-2.142834e-01
130           	3.038931e-01	-3.570697e-01	6.609628e-01	8.027345e-01	1.860232e-01	6.167112e-01	-2.153440e-01	-5.090162e-01	1.847094e-01	-5.848183e-02	1.554684e-01	-2.139503e-01
131           	3.033785e-01	-3.563350e-01	6.597134e-01	8.003969e-01	1.855231e-01	6.148738e-01	-2.146754e-01	-5.080242e-01	1.845813e-01	-5.827076e-02	1.554459e-01	-2.137166e-01
132           	3.032310e-01	-3.554974e-01	6.587284e-01	7.989545e-01	1.850196e-01	6.139349e-01	-2.144576e-01	-5.071129e-01	1.844508e-01	-5.806015e-02	1.554208e-01	-2.134809e-01
133           	3.033989e-01	-3.545470e-01	6.579460e-01	7.983235e-01	1.845107e-01	6.138128e-01	-2.146510e-01	-5.062465e-01	1.842886e-01	-5.785895e-02	1.553592e-01	-2.132181e-01
134           	3.037342e-01	-3.535028e-01	6.572370e-01	7.981919e-01	1.839749e-01	6.142170e-01	-2.151210e-01	-5.053699e-01	1.840716e-01	-5.766940e-02	1.552369e-01	-2.129063e-01
135           	3.041240e-01	-3.522992e-01	6.564232e-01	7.983199e-01	1.834301e-01	6.148898e-01	-2.157299e-01	-5.043612e-01	1.837373e-01	-5.748569e-02	1.549945e-01	-2.124802e-01
136           	3.044571e-01	-3.510281e-01	6.554852e-01	7.985125e-01	1.829540e-01	6.155584e-01	-2.163022e-01	-5.032566e-01	1.832985e-01	-5.731236e-02	1.546423e-01	-2.119547e-01
137           	3.046053e-01	-3.497888e-01	6.543941e-01	7.985406e-01	1.826066e-01	6.159339e-01	-2.166637e-01	-5.020914e-01	1.827707e-01	-5.715118e-02	1.541952e-01	-2.113463e-01
138           	3.045785e-01	-3.486751e-01	6.532536e-01	7.984294e-01	1.824487e-01	6.159807e-01	-2.167660e-01	-5.009643e-01	1.822098e-01	-5.700334e-02	1.537081e-01	-2.107115e-01
139           	3.043141e-01	-3.477530e-01	6.520671e-01	7.980506e-01	1.824727e-01	6.155779e-01	-2.165526e-01	-4.999101e-01	1.816371e-01	-5.687236e-02	1.532009e-01	-2.100733e-01
140           	3.038113e-01	-3.471013e-01	6.509127e-01	7.973852e-01	1.826636e-01	6.147217e-01	-2.160291e-01	-4.990070e-01	1.810963e-01	-5.676379e-02	1.527144e-01	-2.094782e-01
141           	3.030877e-01	-3.467720e-01	6.498598e-01	7.964593e-01	1.830151e-01	6.134442e-01	-2.152146e-01	-4.983159e-01	1.806262e-01	-5.668228e-02	1.522850e-01	-2.089673e-01
142           	3.022339e-01	-3.468112e-01	6.490451e-01	7.954270e-01	1.835007e-01	6.119263e-01	-2.142128e-01	-4.979282e-01	1.802818e-01	-5.663522e-02	1.519641e-01	-2.085994e-01
143           	3.014402e-01	-3.471950e-01	6.486352e-01	7.945685e-01	1.840345e-01	6.105341e-01	-2.132498e-01	-4.979151e-01	1.801162e-01	-5.662749e-02	1.518024e-01	-2.084299e-01
144           	3.008561e-01	-3.479154e-01	6.487715e-01	7.941504e-01	1.846065e-01	6.095439e-01	-2.124687e-01	-4.983434e-01	1.801635e-01	-5.666881e-02	1.518291e-01	-2.084979e-01
145           	3.006526e-01	-3.488980e-01	6.495506e-01	7.944561e-01	1.851786e-01	6.092775e-01	-2.120495e-01	-4.992243e-01	1.804383e-01	-5.676364e-02	1.520565e-01	-2.088202e-01
146           	3.008438e-01	-3.500571e-01	6.509010e-01	7.955118e-01	1.857290e-01	6.097827e-01	-2.120269e-01	-5.004790e-01	1.808921e-01	-5.690924e-02	1.524375e-01	-2.093467e-01
147           	3.014392e-01	-3.512672e-01	6.527064e-01	7.973075e-01	1.862169e-01	6.110905e-01	-2.124368e-01	-5.019868e-01	1.814643e-01	-5.709529e-02	1.529166e-01	-2.100119e-01
148           	3.023779e-01	-3.523777e-01	6.547555e-01	7.996949e-01	1.866089e-01	6.130860e-01	-2.132386e-01	-5.035666e-01	1.820704e-01	-5.730292e-02	1.534189e-01	-2.107218e-01
149           	3.035422e-01	-3.532734e-01	6.568156e-01	8.024380e-01	1.869010e-01	6.155370e-01	-2.143180e-01	-5.050445e-01	1.826215e-01	-5.751452e-02	1.538643e-01	-2.113788e-01
150           	3.048019e-01	-3.539123e-01	6.587142e-01	8.052929e-01	1.871132e-01	6.181796e-01	-2.155332e-01	-5.063132e-01	1.830654e-01	-5.771571e-02	1.542075e-01	-2.119232e-01
151           	3.059641e-01	-3.542633e-01	6.602274e-01	8.079080e-01	1.872783e-01	6.206297e-01	-2.166757e-01	-5.072453e-01	1.833422e-01	-5.788984e-02	1.543973e-01	-2.122871e-01
152           	3.068716e-01	-3.543327e-01	6.612043e-01	8.099948e-01	1.874054e-01	6.225894e-01	-2.175920e-01	-5.077685e-01	1.834270e-01	-5.801881e-02	1.544176e-01	-2.124364e-01
153           	3.074687e-01	-3.541385e-01	6.616073e-01	8.114960e-01	1.875504e-01	6.239456e-01	-2.181976e-01	-5.078729e-01	1.833121e-01	-5.809345e-02	1.542654e-01	-2.123588e-01
154           	3.078600e-01	-3.538130e-01	6.616730e-01	8.126012e-01	1.877161e-01	6.248851e-01	-2.185845e-01	-5.077430e-01	1.831044e-01	-5.811871e-02	1.540451e-01	-2.121638e-01
155           	3.080830e-01	-3.535048e-01	6.615878e-01	8.134314e-01	1.879394e-01	6.254920e-01	-2.187763e-01	-5.075463e-01	1.828835e-01	-5.810676e-02	1.538301e-01	-2.119369e-01
156           	3.081470e-01	-3.533173e-01	6.614643e-01	8.140326e-01	1.882292e-01	6.258034e-01	-2.187871e-01	-5.073908e-01	1.826961e-01	-5.807302e-02	1.536596e-01	-2.117326e-01
157           	3.080838e-01	-3.532800e-01	6.613638e-01	8.144565e-01	1.885710e-01	6.258855e-01	-2.186573e-01	-5.073219e-01	1.825631e-01	-5.803545e-02	1.535454e-01	-2.115808e-01
158           	3.079239e-01	-3.533946e-01	6.613185e-01	8.147460e-01	1.889501e-01	6.257959e-01	-2.184229e-01	-5.073566e-01	1.824900e-01	-5.800376e-02	1.534881e-01	-2.114918e-01
159           	3.076638e-01	-3.536397e-01	6.613035e-01	8.148822e-01	1.893473e-01	6.255349e-01	-2.180938e-01	-5.074716e-01	1.824598e-01	-5.798562e-02	1.534670e-01	-2.114526e-01
160           	3.073780e-01	-3.540290e-01	6.614070e-01	8.149710e-01	1.897484e-01	6.252226e-01	-2.177371e-01	-5.077180e-01	1.824984e-01	-5.799150e-02	1.535026e-01	-2.114941e-01
161           	3.071152e-01	-3.545102e-01	6.616255e-01	8.150874e-01	1.901476e-01	6.249398e-01	-2.173961e-01	-5.080679e-01	1.825854e-01	-5.802477e-02	1.535730e-01	-2.115978e-01
162           	3.069229e-01	-3.550339e-01	6.619568e-01	8.152806e-01	1.905136e-01	6.247670e-01	-2.171267e-01	-5.084954e-01	1.827111e-01	-5.808651e-02	1.536679e-01	-2.117544e-01
163           	3.068445e-01	-3.555855e-01	6.624300e-01	8.156076e-01	1.908203e-01	6.247873e-01	-2.169835e-01	-5.090078e-01	1.828804e-01	-5.817626e-02	1.537922e-01	-2.119685e-01
164           	3.069149e-01	-3.561174e-01	6.630324e-01	8.160895e-01	1.910235e-01	6.250661e-01	-2.170213e-01	-5.095749e-01	1.830865e-01	-5.828427e-02	1.539444e-01	-2.122287e-01
165           	3.071657e-01	-3.565753e-01	6.637410e-01	8.167604e-01	1.911046e-01	6.256559e-01	-2.172757e-01	-5.101582e-01	1.833166e-01	-5.840005e-02	1.541166e-01	-2.125166e-01
166           	3.075650e-01	-3.569368e-01	6.645018e-01	8.175781e-01	1.910846e-01	6.264934e-01	-2.177044e-01	-5.107193e-01	1.835511e-01	-5.851339e-02	1.542944e-01	-2.128078e-01
167           	3.080990e-01	-3.572025e-01	6.653015e-01	8.185357e-01	1.909903e-01	6.275454e-01	-2.182775e-01	-5.112520e-01	1.837859e-01	-5.861740e-02	1.544772e-01	-2.130946e-01
168           	3.086149e-01	-3.573133e-01	6.659281e-01	8.193813e-01	1.908535e-01	6.285277e-01	-2.188371e-01	-5.116207e-01	1.839514e-01	-5.869455e-02	1.546041e-01	-2.132987e-01
169           	3.090512e-01	-3.573051e-01	6.663563e-01	8.200177e-01	1.906886e-01	6.293291e-01	-2.193202e-01	-5.118307e-01	1.840552e-01	-5.874156e-02	1.546844e-01	-2.134260e-01
170           	3.093498e-01	-3.571830e-01	6.665327e-01	8.203606e-01	1.905159e-01	6.298447e-01	-2.196644e-01	-5.118579e-01	1.840853e-01	-5.875509e-02	1.547077e-01	-2.134628e-01
171           	3.094786e-01	-3.569572e-01	6.664358e-01	8.203830e-01	1.903596e-01	6.300234e-01	-2.198319e-01	-5.116965e-01	1.840368e-01	-5.873290e-02	1.546703e-01	-2.134032e-01
172           	3.095024e-01	-3.567196e-01	6.662219e-01	8.202192e-01	1.902280e-01	6.299912e-01	-2.198816e-01	-5.114707e-01	1.839715e-01	-5.868815e-02	1.546274e-01	-2.133155e-01
173           	3.094173e-01	-3.565003e-01	6.659176e-01	8.198910e-01	1.901322e-01	6.297588e-01	-2.198133e-01	-5.112089e-01	1.838953e-01	-5.862877e-02	1.545809e-01	-2.132096e-01
174           	3.092432e-01	-3.563105e-01	6.655536e-01	8.194500e-01	1.900747e-01	6.293753e-01	-2.196503e-01	-5.109320e-01	1.838103e-01	-5.856250e-02	1.545291e-01	-2.130916e-01
175           	3.089947e-01	-3.561524e-01	6.651471e-01	8.189288e-01	1.900535e-01	6.288753e-01	-2.194109e-01	-5.106498e-01	1.837147e-01	-5.849628e-02	1.544665e-01	-2.129628e-01
176           	3.086757e-01	-3.560429e-01	6.647186e-01	8.183290e-01	1.900540e-01	6.282751e-01	-2.191105e-01	-5.103808e-01	1.836131e-01	-5.843723e-02	1.543944e-01	-2.128317e-01
177           	3.083334e-01	-3.560153e-01	6.643487e-01	8.177199e-01	1.900643e-01	6.276556e-01	-2.187957e-01	-5.101820e-01	1.835341e-01	-5.839562e-02	1.543362e-01	-2.127319e-01
178           	3.079864e-01	-3.560310e-01	6.640173e-01	8.171166e-01	1.900767e-01	6.270400e-01	-2.184816e-01	-5.100242e-01	1.834651e-01	-5.837106e-02	1.542796e-01	-2.126507e-01
179           	3.076990e-01	-3.561109e-01	6.638099e-01	8.166168e-01	1.900785e-01	6.265383e-01	-2.182299e-01	-5.099604e-01	1.834374e-01	-5.836866e-02	1.542531e-01	-2.126217e-01
180           	3.074721e-01	-3.562327e-01	6.637048e-01	8.162072e-01	1.900631e-01	6.261441e-01	-2.180405e-01	-5.099687e-01	1.834424e-01	-5.838488e-02	1.542500e-01	-2.126349e-01
181           	3.073441e-01	-3.563793e-01	6.637234e-01	8.159514e-01	1.900340e-01	6.259174e-01	-2.179417e-01	-5.100514e-01	1.834832e-01	-5.841678e-02	1.542748e-01	-2.126916e-01
182           	3.073226e-01	-3.565026e-01	6.638253e-01	8.158356e-01	1.899663e-01	6.258693e-01	-2.179515e-01	-5.101639e-01	1.835458e-01	-5.845542e-02	1.543181e-01	-2.127735e-01
183           	3.073830e-01	-3.565874e-01	6.639703e-01	8.158142e-01	1.898625e-01	6.259517e-01	-2.180446e-01	-5.102789e-01	1.836156e-01	-5.849462e-02	1.543682e-01	-2.128629e-01
184           	3.074996e-01	-3.566355e-01	6.641351e-01	8.158487e-01	1.897333e-01	6.261154e-01	-2.181910e-01	-5.103853e-01	1.836859e-01	-5.852988e-02	1.544209e-01	-2.129508e-01
185           	3.076405e-01	-3.566340e-01	6.642746e-01	8.158835e-01	1.895834e-01	6.263001e-01	-2.183583e-01	-5.104543e-01	1.837456e-01	-5.855500e-02	1.544681e-01	-2.130231e-01
186           	3.077613e-01	-3.565655e-01	6.643269e-01	8.158425e-01	1.894189e-01	6.264237e-01	-2.185024e-01	-5.104462e-01	1.837768e-01	-5.856441e-02	1.544946e-01	-2.130590e-01
187           	3.078314e-01	-3.564445e-01	6.642759e-01	8.156939e-01	1.892603e-01	6.264336e-01	-2.185867e-01	-5.103602e-01	1.837759e-01	-5.855818e-02	1.544968e-01	-2.130550e-01
188           	3.078339e-01	-3.562821e-01	6.641160e-01	8.154218e-01	1.891148e-01	6.263070e-01	-2.185961e-01	-5.101991e-01	1.837427e-01	-5.853647e-02	1.544745e-01	-2.130109e-01
189           	3.077815e-01	-3.560983e-01	6.638798e-01	8.150743e-01	1.889956e-01	6.260786e-01	-2.185415e-01	-5.099890e-01	1.836855e-01	-5.850248e-02	1.544343e-01	-2.129368e-01
190           	3.076814e-01	-3.559046e-01	6.635859e-01	8.146767e-01	1.889009e-01	6.257758e-01	-2.184374e-01	-5.097452e-01	1.836112e-01	-5.845843e-02	1.543819e-01	-2.128404e-01
191           	3.075481e-01	-3.557153e-01	6.632634e-01	8.142755e-01	1.888368e-01	6.254387e-01	-2.183009e-01	-5.094894e-01	1.835230e-01	-5.840993e-02	1.543180e-01	-2.127280e-01
192           	3.073956e-01	-3.555404e-01	6.629360e-01	8.139005e-01	1.888012e-01	6.250993e-01	-2.181491e-01	-5.092382e-01	1.834278e-01	-5.836085e-02	1.542473e-01	-2.126082e-01
193           	3.072449e-01	-3.554049e-01	6.626498e-01	8.135919e-01	1.887935e-01	6.247984e-01	-2.180025e-01	-5.090273e-01	1.833407e-01	-5.831850e-02	1.541815e-01	-2.125000e-01
194           	3.070992e-01	-3.553087e-01	6.624079e-01	8.133450e-01	1.888044e-01	6.245406e-01	-2.178681e-01	-5.088583e-01	1.832632e-01	-5.828507e-02	1.541207e-01	-2.124058e-01
195           	3.069732e-01	-3.552631e-01	6.622363e-01	8.131809e-01	1.888324e-01	6.243484e-01	-2.177580e-01	-5.087497e-01	1.832038e-01	-5.826423e-02	1.540717e-01	-2.123359e-01
196           	3.068758e-01	-3.552628e-01	6.621386e-01	8.131002e-01	1.888712e-01	6.242290e-01	-2.176789e-01	-5.087007e-01	1.831639e-01	-5.825647e-02	1.540357e-01	-2.122921e-01
197           	3.068152e-01	-3.553162e-01	6.621314e-01	8.131031e-01	1.889167e-01	6.241863e-01	-2.176348e-01	-5.087238e-01	1.831519e-01	-5.826337e-02	1.540202e-01	-2.122836e-01
198           	3.067917e-01	-3.554032e-01	6.621949e-01	8.131727e-01	1.889641e-01	6.242086e-01	-2.176223e-01	-5.087990e-01	1.831611e-01	-5.828180e-02	1.540202e-01	-2.123020e-01
199           	3.068057e-01	-3.555057e-01	6.623114e-01	8.132949e-01	1.890092e-01	6.242857e-01	-2.176383e-01	-5.089086e-01	1.831874e-01	-5.830802e-02	1.540334e-01	-2.123414e-01
200           	3.068502e-01	-3.556111e-01	6.624612e-01	8.134447e-01	1.890453e-01	6.243995e-01	-2.176771e-01	-5.090361e-01	1.832255e-01	-5.833803e-02	1.540565e-01	-2.123945e-01
